0,-17
1,-16
2,-14
3,-15
4,-19
5,-18
6,-20
7,-20
8,-20
9,-17
10,-12
11,-9
12,-11
13,-12
14,-14
15,-16
16,-17
17,-16
18,-14
19,-8
20,-10
21,-9
22,-8
23,-8
24,-11
25,-12
26,-11
27,-11
28,-11
29,-9
30,-8
31,-9
32,-8
33,-6
34,-7
35,-9
36,-11
37,-11
38,-10
39,-4
40,-3
41,-2
42,1
43,0
44,-1
45,-5
46,-7
47,-6
48,-6
49,-3
50,-1
51,0
52,2
53,4
54,0
55,-1
56,1
57,1
58,2
59,5
60,8
61,11
62,12
63,9
64,8
65,9
66,8
67,8
68,14
69,15
70,18
71,21
72,21
73,23
74,21
75,20
76,20
77,19
78,25
79,31
80,32
81,32
82,35
83,35
84,31
85,32
86,30
87,30
88,32
89,36
90,38
91,38
92,40
93,38
94,36
95,35
96,33
97,32
98,33
99,31
100,33
101,33
102,34
103,29
104,27
105,22
106,18
107,14
108,15
109,17
110,17
111,14
112,14
113,10
114,8
115,5
116,1
117,-1
118,0
119,0
120,1
121,2
122,0
123,2
124,3
125,6
126,7
127,9
128,13
129,17
130,18
131,24
132,23
133,18
134,17
135,14
136,16
137,16
138,18
139,19
140,22
141,23
142,26
143,23
144,20
145,19
146,19
147,19
148,20
149,22
150,24
151,25
152,28
153,27
154,23
155,23
156,23
157,23
158,25
159,26
160,25
161,28
162,28
163,28
164,26
165,21
166,20
167,20
168,26
169,28
170,27
171,30
172,29
173,26
174,25
175,25
176,23
177,24
178,25
179,28
180,28
181,30
182,29
183,28
184,27
185,28
186,25
187,25
188,27
189,29
190,29
191,28
192,27
193,24
194,24
195,22
196,23
197,24
198,27
199,27
200,26
201,27
202,26
203,22
204,22
205,22
206,21
207,23
208,25
209,26
210,23
211,24
212,23
213,21
214,20
215,21
216,18
217,20
218,21
219,22
220,24
221,27
222,24
223,22
224,19
225,20
226,19
227,20
228,22
229,22
230,23
231,23
232,19
233,16
234,15
235,14
236,14
237,15
238,18
239,17
240,20
241,25
242,22
243,21
244,15
245,16
246,13
247,15
248,16
249,18
250,20
251,23
252,21
253,18
254,17
255,18
256,17
257,19
258,22
259,27
260,26
261,27
262,25
263,24
264,22
265,21
266,19
267,22
268,28
269,27
270,28
271,28
272,26
273,25
274,24
275,21
276,20
277,24
278,30
279,32
280,32
281,34
282,32
283,24
284,23
285,23
286,19
287,19
288,20
289,19
290,18
291,18
292,17
293,11
294,13
295,12
296,13
297,15
298,16
299,16
300,19
301,15
302,11
303,10
304,9
305,7
306,9
307,9
308,11
309,12
310,12
311,12
312,12
313,10
314,7
315,4
316,5
317,7
318,9
319,11
320,12
321,11
322,7
323,5
324,6
325,4
326,6
327,10
328,6
329,8
330,10
331,8
332,5
333,0
334,-2
335,-5
336,-6
337,-5
338,-3
339,-1
340,6
341,13
342,22
343,32
344,40
345,51
346,67
347,85
348,106
349,129
350,144
351,147
352,137
353,126
354,114
355,97
356,82
357,67
358,46
359,20
360,2
361,-12
362,-20
363,-20
364,-18
365,-17
366,-12
367,-4
368,2
369,7
370,8
371,7
372,3
373,-1
374,-4
375,-5
376,-2
377,0
378,1
379,5
380,5
381,4
382,0
383,1
384,-3
385,-4
386,-2
387,-2
388,0
389,2
390,0
391,1
392,1
393,-1
394,0
395,-2
396,0
397,3
398,4
399,5
400,8
401,5
402,2
403,0
404,-1
405,-1
406,1
407,5
408,5
409,6
410,5
411,2
412,4
413,1
414,2
415,1
416,3
417,4
418,7
419,8
420,10
421,10
422,9
423,8
424,5
425,6
426,6
427,8
428,9
429,11
430,12
431,13
432,13
433,14
434,14
435,13
436,16
437,19
438,21
439,21
440,24
441,23
442,23
443,22
444,20
445,20
446,23
447,26
448,30
449,31
450,32
451,30
452,32
453,33
454,31
455,32
456,35
457,40
458,41
459,42
460,41
461,39
462,37
463,36
464,36
465,36
466,36
467,40
468,41
469,41
470,39
471,34
472,30
473,27
474,26
475,25
476,26
477,23
478,26
479,26
480,23
481,19
482,16
483,14
484,11
485,6
486,3
487,5
488,5
489,4
490,2
491,-1
492,-4
493,-5
494,-7
495,-6
496,-2
497,0
498,-2
499,-1
500,-2
501,-6
502,-8
503,-11
504,-13
505,-11
506,-8
507,-9
508,-5
509,-7
510,-6
511,-10
512,-11
513,-12
514,-12
515,-9
516,-9
517,-7
518,-4
519,-6
520,-6
521,-10
522,-11
523,-11
524,-12
525,-11
526,-10
527,-8
528,-11
529,-6
530,-11
531,-10
532,-10
533,-12
534,-12
535,-9
536,-8
537,-8
538,-8
539,-8
540,-10
541,-11
542,-11
543,-12
544,-11
545,-6
546,-6
547,-5
548,-4
549,-3
550,-5
551,-7
552,-9
553,-10
554,-11
555,-9
556,-8
557,-4
558,-3
559,-2
560,-3
561,-4
562,-6
563,-7
564,-8
565,-6
566,-6
567,-5
568,-3
569,-3
570,-5
571,-4
572,-7
573,-8
574,-9
575,-9
576,-6
577,-5
578,-1
579,-2
580,-6
581,-6
582,-7
583,-10
584,-12
585,-8
586,-8
587,-6
588,-4
589,-5
590,-8
591,-9
592,-4
593,-10
594,-11
595,-8
596,-6
597,-7
598,-3
599,-4
600,-8
601,-10
602,-11
603,-12
604,-12
605,-11
606,-8
607,-8
608,-7
609,-4
610,-7
611,-9
612,-10
613,-14
614,-14
615,-10
616,-9
617,-7
618,-7
619,-7
620,-9
621,-11
622,-10
623,-10
624,-8
625,-7
626,-5
627,-1
628,-2
629,-5
630,-8
631,-6
632,-7
633,-8
634,-8
635,-5
636,-3
637,-2
638,3
639,-1
640,-1
641,-3
642,-4
643,-5
644,-5
645,-2
646,1
647,3
648,4
649,3
650,1
651,1
652,0
653,0
654,0
655,0
656,1
657,4
658,6
659,4
660,-2
661,-5
662,-7
663,-11
664,-10
665,-9
666,-8
667,-9
668,-5
669,-7
670,-12
671,-12
672,-14
673,-16
674,-13
675,-11
676,-10
677,-10
678,-7
679,-11
680,-11
681,-12
682,-13
683,-13
684,-12
685,-13
686,-13
687,-13
688,-13
689,-13
690,-16
691,-17
692,-16
693,-20
694,-18
695,-16
696,-12
697,-9
698,-9
699,-11
700,-12
701,-17
702,-17
703,-20
704,-20
705,-16
706,-15
707,-14
708,-15
709,-19
710,-21
711,-23
712,-28
713,-31
714,-27
715,-21
716,-9
717,4
718,15
719,25
720,34
721,45
722,55
723,78
724,103
725,128
726,138
727,132
728,123
729,111
730,97
731,78
732,61
733,39
734,17
735,-6
736,-23
737,-31
738,-29
739,-25
740,-23
741,-22
742,-17
743,-10
744,-11
745,-6
746,-7
747,-9
748,-8
749,-8
750,-13
751,-14
752,-16
753,-15
754,-14
755,-12
756,-10
757,-6
758,-9
759,-9
760,-11
761,-12
762,-11
763,-12
764,-8
765,-7
766,-5
767,-2
768,-5
769,-9
770,-10
771,-11
772,-10
773,-11
774,-6
775,-5
776,-4
777,-2
778,-2
779,-4
780,-6
781,-5
782,-4
783,-3
784,1
785,4
786,5
787,5
788,3
789,1
790,-2
791,-2
792,-2
793,2
794,3
795,5
796,9
797,12
798,13
799,10
800,8
801,9
802,8
803,9
804,9
805,12
806,13
807,14
808,13
809,13
810,13
811,13
812,15
813,16
814,20
815,23
816,25
817,26
818,28
819,28
820,30
821,27
822,26
823,28
824,34
825,35
826,38
827,40
828,41
829,38
830,40
831,40
832,39
833,42
834,45
835,47
836,46
837,48
838,45
839,45
840,41
841,40
842,38
843,38
844,41
845,41
846,44
847,46
848,41
849,39
850,35
851,33
852,31
853,30
854,28
855,27
856,26
857,22
858,21
859,17
860,15
861,13
862,12
863,13
864,12
865,12
866,10
867,9
868,8
869,4
870,2
871,0
872,0
873,2
874,3
875,2
876,4
877,2
878,0
879,-4
880,-4
881,-8
882,-7
883,-5
884,-3
885,-1
886,1
887,-1
888,-4
889,-5
890,-5
891,-5
892,-5
893,-5
894,-2
895,1
896,3
897,2
898,1
899,-4
900,-3
901,-3
902,-4
903,-5
904,-4
905,-4
906,0
907,3
908,-1
909,-2
910,-4
911,-6
912,-6
913,-3
914,0
915,2
916,3
917,3
918,-1
919,-2
920,-7
921,-5
922,-5
923,-4
924,1
925,3
926,4
927,5
928,0
929,-2
930,-5
931,-7
932,-4
933,-2
934,1
935,1
936,2
937,3
938,0
939,-1
940,-4
941,-5
942,-5
943,-3
944,0
945,1
946,3
947,4
948,0
949,-3
950,-4
951,-6
952,-5
953,-1
954,-1
955,0
956,2
957,3
958,1
959,-2
960,-3
961,-4
962,-3
963,-1
964,-1
965,-1
966,-2
967,-2
968,-2
969,-3
970,-5
971,-5
972,-4
973,-2
974,-2
975,-1
976,-1
977,-2
978,-5
979,-5
980,-5
981,-7
982,-6
983,-4
984,-2
985,-1
986,-2
987,-3
988,-5
989,-6
990,-7
991,-8
992,-5
993,-4
994,-3
995,-1
996,0
997,-2
998,-5
999,-6
1000,-9
1001,-9
1002,-9
1003,-7
1004,-8
1005,-5
1006,-2
1007,-5
1008,-8
1009,-8
1010,-6
1011,-7
1012,-8
1013,-5
1014,-4
1015,-3
1016,-1
1017,-2
1018,-5
1019,-8
1020,-9
1021,-8
1022,-4
1023,-3
1024,-2
1025,0
1026,-1
1027,-2
1028,-2
1029,-3
1030,0
1031,2
1032,5
1033,13
1034,14
1035,17
1036,20
1037,20
1038,18
1039,18
1040,19
1041,17
1042,20
1043,21
1044,22
1045,24
1046,25
1047,26
1048,29
1049,31
1050,29
1051,27
1052,30
1053,33
1054,36
1055,37
1056,35
1057,34
1058,33
1059,35
1060,34
1061,32
1062,34
1063,34
1064,34
1065,33
1066,32
1067,30
1068,27
1069,23
1070,23
1071,21
1072,22
1073,24
1074,25
1075,26
1076,28
1077,25
1078,25
1079,24
1080,22
1081,19
1082,19
1083,19
1084,21
1085,23
1086,24
1087,21
1088,19
1089,16
1090,15
1091,15
1092,18
1093,22
1094,23
1095,24
1096,25
1097,19
1098,16
1099,14
1100,12
1101,17
1102,20
1103,20
1104,21
1105,23
1106,21
1107,19
1108,17
1109,15
1110,14
1111,16
1112,15
1113,16
1114,18
1115,16
1116,18
1117,11
1118,9
1119,4
1120,4
1121,8
1122,14
1123,23
1124,35
1125,47
1126,56
1127,65
1128,77
1129,89
1130,111
1131,136
1132,164
1133,178
1134,172
1135,168
1136,155
1137,139
1138,119
1139,101
1140,79
1141,53
1142,31
1143,10
1144,2
1145,7
1146,8
1147,8
1148,11
1149,12
1150,15
1151,19
1152,24
1153,26
1154,25
1155,26
1156,24
1157,21
1158,18
1159,17
1160,18
1161,21
1162,22
1163,22
1164,24
1165,26
1166,25
1167,22
1168,18
1169,15
1170,16
1171,19
1172,23
1173,23
1174,23
1175,28
1176,22
1177,20
1178,19
1179,17
1180,20
1181,24
1182,26
1183,27
1184,28
1185,29
1186,26
1187,23
1188,22
1189,21
1190,22
1191,26
1192,28
1193,30
1194,31
1195,33
1196,27
1197,23
1198,22
1199,23
1200,22
1201,26
1202,27
1203,28
1204,31
1205,33
1206,32
1207,30
1208,29
1209,29
1210,27
1211,28
1212,33
1213,34
1214,35
1215,34
1216,34
1217,33
1218,35
1219,32
1220,33
1221,36
1222,42
1223,43
1224,45
1225,45
1226,43
1227,42
1228,44
1229,40
1230,45
1231,50
1232,51
1233,52
1234,54
1235,54
1236,54
1237,53
1238,53
1239,50
1240,53
1241,53
1242,56
1243,59
1244,59
1245,58
1246,58
1247,57
1248,56
1249,52
1250,52
1251,51
1252,52
1253,52
1254,54
1255,52
1256,47
1257,44
1258,38
1259,34
1260,34
1261,30
1262,31
1263,32
1264,30
1265,26
1266,24
1267,19
1268,19
1269,15
1270,16
1271,15
1272,15
1273,13
1274,13
1275,7
1276,6
1277,4
1278,3
1279,-1
1280,0
1281,2
1282,2
1283,2
1284,6
1285,3
1286,1
1287,-2
1288,-4
1289,-6
1290,-4
1291,-3
1292,-2
1293,-1
1294,2
1295,-2
1296,-1
1297,-5
1298,-11
1299,-8
1300,-7
1301,-2
1302,0
1303,1
1304,1
1305,-1
1306,-6
1307,-7
1308,-8
1309,-6
1310,-7
1311,-6
1312,-4
1313,-3
1314,-2
1315,-5
1316,-7
1317,-11
1318,-11
1319,-10
1320,-8
1321,-5
1322,-3
1323,-4
1324,-2
1325,-5
1326,-6
1327,-7
1328,-10
1329,-11
1330,-8
1331,-8
1332,-4
1333,-3
1334,-4
1335,-6
1336,-9
1337,-10
1338,-11
1339,-11
1340,-10
1341,-4
1342,-5
1343,-5
1344,-3
1345,-7
1346,-8
1347,-8
1348,-8
1349,-8
1350,-5
1351,-7
1352,-6
1353,-5
1354,-6
1355,-9
1356,-12
1357,-12
1358,-13
1359,-12
1360,-8
1361,-6
1362,-7
1363,-6
1364,-5
1365,-9
1366,-9
1367,-13
1368,-14
1369,-13
1370,-11
1371,-10
1372,-7
1373,-6
1374,-6
1375,-9
1376,-12
1377,-13
1378,-15
1379,-14
1380,-10
1381,-10
1382,-8
1383,-6
1384,-8
1385,-9
1386,-12
1387,-12
1388,-13
1389,-15
1390,-14
1391,-12
1392,-11
1393,-9
1394,-10
1395,-11
1396,-13
1397,-13
1398,-16
1399,-13
1400,-11
1401,-8
1402,-8
1403,-6
1404,-7
1405,-10
1406,-15
1407,-15
1408,-19
1409,-18
1410,-13
1411,-11
1412,-9
1413,-9
1414,-11
1415,-14
1416,-16
1417,-15
1418,-15
1419,-13
1420,-12
1421,-11
1422,-9
1423,-8
1424,-8
1425,-11
1426,-15
1427,-15
1428,-16
1429,-13
1430,-12
1431,-11
1432,-12
1433,-9
1434,-13
1435,-15
1436,-17
1437,-18
1438,-18
1439,-15
1440,-11
1441,-6
1442,-5
1443,-9
1444,-13
1445,-15
1446,-17
1447,-18
1448,-20
1449,-17
1450,-14
1451,-12
1452,-9
1453,-8
1454,-12
1455,-14
1456,-15
1457,-17
1458,-17
1459,-14
1460,-12
1461,-12
1462,-11
1463,-10
1464,-13
1465,-15
1466,-15
1467,-16
1468,-14
1469,-12
1470,-11
1471,-11
1472,-9
1473,-8
1474,-13
1475,-16
1476,-18
1477,-14
1478,-16
1479,-14
1480,-10
1481,-9
1482,-10
1483,-9
1484,-11
1485,-14
1486,-15
1487,-14
1488,-13
1489,-12
1490,-11
1491,-11
1492,-8
1493,-9
1494,-12
1495,-11
1496,-10
1497,-13
1498,-11
1499,-8
1500,-7
1501,-3
1502,-4
1503,-6
1504,-7
1505,-10
1506,-10
1507,-10
1508,-10
1509,-8
1510,-4
1511,1
1512,2
1513,3
1514,0
1515,0
1516,-3
1517,-4
1518,-4
1519,-4
1520,-1
1521,2
1522,9
1523,5
1524,1
1525,0
1526,-5
1527,-9
1528,-8
1529,-5
1530,-5
1531,-6
1532,-6
1533,-10
1534,-12
1535,-15
1536,-17
1537,-18
1538,-18
1539,-14
1540,-14
1541,-11
1542,-9
1543,-11
1544,-14
1545,-16
1546,-16
1547,-18
1548,-18
1549,-16
1550,-12
1551,-12
1552,-12
1553,-16
1554,-16
1555,-17
1556,-21
1557,-22
1558,-20
1559,-16
1560,-15
1561,-13
1562,-11
1563,-14
1564,-17
1565,-20
1566,-22
1567,-21
1568,-18
1569,-17
1570,-16
1571,-15
1572,-10
1573,-16
1574,-17
1575,-18
1576,-22
1577,-24
1578,-21
1579,-19
1580,-20
1581,-20
1582,-21
1583,-25
1584,-26
1585,-25
1586,-25
1587,-18
1588,-4
1589,9
1590,19
1591,31
1592,47
1593,55
1594,72
1595,92
1596,118
1597,134
1598,135
1599,135
1600,124
1601,115
1602,93
1603,76
1604,54
1605,27
1606,-2
1607,-26
1608,-36
1609,-37
1610,-30
1611,-27
1612,-22
1613,-17
1614,-14
1615,-14
1616,-15
1617,-12
1618,-10
1619,-10
1620,-7
1621,-6
1622,-7
1623,-10
1624,-12
1625,-12
1626,-12
1627,-13
1628,-10
1629,-8
1630,-6
1631,-8
1632,-6
1633,-9
1634,-13
1635,-12
1636,-13
1637,-8
1638,-8
1639,-4
1640,-2
1641,-3
1642,-3
1643,-6
1644,-9
1645,-8
1646,-11
1647,-9
1648,-6
1649,-2
1650,1
1651,2
1652,0
1653,-5
1654,-6
1655,-7
1656,-13
1657,-8
1658,-3
1659,-3
1660,-1
1661,3
1662,2
1663,1
1664,-1
1665,-2
1666,-3
1667,0
1668,-1
1669,0
1670,2
1671,5
1672,6
1673,3
1674,3
1675,0
1676,2
1677,2
1678,6
1679,9
1680,11
1681,13
1682,14
1683,13
1684,12
1685,10
1686,13
1687,14
1688,20
1689,22
1690,23
1691,26
1692,26
1693,24
1694,23
1695,23
1696,25
1697,28
1698,31
1699,34
1700,33
1701,35
1702,33
1703,34
1704,37
1705,36
1706,35
1707,39
1708,40
1709,42
1710,39
1711,43
1712,39
1713,39
1714,38
1715,34
1716,33
1717,34
1718,37
1719,34
1720,35
1721,34
1722,35
1723,26
1724,25
1725,24
1726,21
1727,21
1728,22
1729,21
1730,20
1731,18
1732,15
1733,13
1734,9
1735,5
1736,1
1737,1
1738,-1
1739,1
1740,1
1741,0
1742,-3
1743,-5
1744,-6
1745,-9
1746,-10
1747,-10
1748,-7
1749,-7
1750,-4
1751,-4
1752,-7
1753,-8
1754,-11
1755,-11
1756,-9
1757,-8
1758,-9
1759,-10
1760,-11
1761,-11
1762,-15
1763,-15
1764,-14
1765,-15
1766,-15
1767,-12
1768,-11
1769,-11
1770,-10
1771,-9
1772,-10
1773,-12
1774,-13
1775,-16
1776,-14
1777,-12
1778,-11
1779,-7
1780,-4
1781,-5
1782,-9
1783,-14
1784,-14
1785,-15
1786,-11
1787,-9
1788,-4
1789,-7
1790,-5
1791,-5
1792,-8
1793,-11
1794,-13
1795,-14
1796,-13
1797,-9
1798,-8
1799,-8
1800,-5
1801,-2
1802,-7
1803,-9
1804,-10
1805,-13
1806,-13
1807,-10
1808,-7
1809,-7
1810,-4
1811,-3
1812,-6
1813,-7
1814,-9
1815,-10
1816,-10
1817,-6
1818,-6
1819,-6
1820,-5
1821,-2
1822,-8
1823,-7
1824,-8
1825,-10
1826,-7
1827,-7
1828,-3
1829,-5
1830,-3
1831,-3
1832,-5
1833,-8
1834,-8
1835,-10
1836,-11
1837,-8
1838,-6
1839,-5
1840,-5
1841,-6
1842,-7
1843,-12
1844,-12
1845,-14
1846,-12
1847,-7
1848,-6
1849,-2
1850,-5
1851,-5
1852,-8
1853,-11
1854,-14
1855,-15
1856,-8
1857,-9
1858,-8
1859,-9
1860,-6
1861,-7
1862,-10
1863,-11
1864,-13
1865,-14
1866,-13
1867,-12
1868,-10
1869,-8
1870,-6
1871,-9
1872,-11
1873,-10
1874,-12
1875,-14
1876,-9
1877,-8
1878,-6
1879,-5
1880,-8
1881,-8
1882,-11
1883,-11
1884,-13
1885,-13
1886,-13
1887,-12
1888,-5
1889,-6
1890,-3
1891,-8
1892,-12
1893,-13
1894,-14
1895,-15
1896,-12
1897,-10
1898,-5
1899,-5
1900,-5
1901,-6
1902,-9
1903,-11
1904,-12
1905,-16
1906,-15
1907,-14
1908,-12
1909,-7
1910,-7
1911,-11
1912,-11
1913,-13
1914,-15
1915,-15
1916,-13
1917,-9
1918,-7
1919,-5
1920,-7
1921,-7
1922,-8
1923,-9
1924,-12
1925,-12
1926,-8
1927,-7
1928,-6
1929,-4
1930,-3
1931,-6
1932,-7
1933,-8
1934,-10
1935,-9
1936,-10
1937,-5
1938,1
1939,2
1940,4
1941,6
1942,7
1943,6
1944,7
1945,5
1946,8
1947,9
1948,11
1949,13
1950,15
1951,13
1952,11
1953,9
1954,8
1955,11
1956,13
1957,18
1958,21
1959,25
1960,26
1961,19
1962,18
1963,20
1964,18
1965,19
1966,20
1967,22
1968,25
1969,27
1970,29
1971,29
1972,26
1973,27
1974,24
1975,25
1976,25
1977,27
1978,29
1979,31
1980,34
1981,32
1982,33
1983,33
1984,31
1985,31
1986,32
1987,31
1988,33
1989,36
1990,33
1991,32
1992,32
1993,32
1994,28
1995,26
1996,28
1997,28
1998,27
1999,27
2000,26
2001,22
2002,22
2003,19
2004,18
2005,19
2006,21
2007,24
2008,25
2009,24
2010,22
2011,21
2012,18
2013,17
2014,14
2015,17
2016,21
2017,20
2018,21
2019,20
2020,19
2021,16
2022,14
2023,15
2024,11
2025,14
2026,14
2027,16
2028,17
2029,20
2030,17
2031,13
2032,12
2033,10
2034,10
2035,11
2036,14
2037,16
2038,17
2039,17
2040,14
2041,13
2042,13
2043,9
2044,13
2045,13
2046,13
2047,14
2048,12
2049,14
2050,12
2051,7
2052,6
2053,8
2054,11
2055,17
2056,26
2057,37
2058,47
2059,58
2060,66
2061,79
2062,100
2063,121
2064,141
2065,151
2066,151
2067,148
2068,139
2069,123
2070,103
2071,86
2072,65
2073,38
2074,14
2075,-3
2076,-9
2077,-8
2078,-4
2079,3
2080,5
2081,5
2082,8
2083,12
2084,17
2085,18
2086,20
2087,24
2088,22
2089,18
2090,15
2091,14
2092,13
2093,14
2094,14
2095,17
2096,18
2097,21
2098,21
2099,22
2100,19
2101,19
2102,17
2103,17
2104,17
2105,20
2106,22
2107,24
2108,26
2109,22
2110,18
2111,15
2112,14
2113,14
2114,15
2115,19
2116,23
2117,25
2118,26
2119,25
2120,23
2121,21
2122,20
2123,21
2124,22
2125,24
2126,25
2127,25
2128,26
2129,26
2130,21
2131,21
2132,24
2133,21
2134,22
2135,24
2136,26
2137,29
2138,33
2139,30
2140,28
2141,26
2142,25
2143,26
2144,26
2145,28
2146,28
2147,29
2148,33
2149,34
2150,32
2151,32
2152,33
2153,32
2154,37
2155,36
2156,39
2157,40
2158,42
2159,41
2160,40
2161,40
2162,40
2163,40
2164,43
2165,45
2166,50
2167,52
2168,54
2169,51
2170,51
2171,52
2172,52
2173,49
2174,52
2175,54
2176,53
2177,54
2178,51
2179,53
2180,52
2181,49
2182,48
2183,47
2184,48
2185,51
2186,47
2187,48
2188,48
2189,44
2190,40
2191,36
2192,33
2193,30
2194,31
2195,31
2196,30
2197,27
2198,24
2199,18
2200,17
2201,14
2202,10
2203,8
2204,9
2205,9
2206,8
2207,10
2208,9
2209,6
2210,2
2211,-1
2212,-3
2213,-5
2214,-3
2215,-2
2216,0
2217,1
2218,1
2219,-4
2220,-6
2221,-9
2222,-12
2223,-8
2224,-8
2225,-4
2226,-3
2227,-3
2228,-2
2229,-4
2230,-10
2231,-11
2232,-15
2233,-12
2234,-11
2235,-7
2236,-6
2237,-6
2238,-5
2239,-8
2240,-12
2241,-11
2242,-11
2243,-13
2244,-12
2245,-10
2246,-6
2247,-4
2248,-4
2249,-6
2250,-8
2251,-10
2252,-13
2253,-14
2254,-11
2255,-7
2256,-5
2257,-4
2258,-3
2259,-6
2260,-9
2261,-9
2262,-10
2263,-8
2264,-5
2265,-3
2266,-3
2267,0
2268,-2
2269,-7
2270,-11
2271,-8
2272,-13
2273,-8
2274,-10
2275,-7
2276,-2
2277,1
2278,-4
2279,-8
2280,-8
2281,-8
2282,-13
2283,-9
2284,-7
2285,-5
2286,-5
2287,-2
2288,-3
2289,-7
2290,-7
2291,-9
2292,-10
2293,-10
2294,-8
2295,-8
2296,-9
2297,-5
2298,-8
2299,-9
2300,-11
2301,-14
2302,-14
2303,-12
2304,-9
2305,-7
2306,-6
2307,-5
2308,-5
2309,-7
2310,-10
2311,-15
2312,-20
2313,-14
2314,-10
2315,-10
2316,-8
2317,-7
2318,-8
2319,-10
2320,-12
2321,-15
2322,-14
2323,-10
2324,-10
2325,-10
2326,-8
2327,-7
2328,-9
2329,-12
2330,-14
2331,-15
2332,-16
2333,-15
2334,-8
2335,-9
2336,-8
2337,-7
2338,-11
2339,-11
2340,-13
2341,-15
2342,-15
2343,-12
2344,-13
2345,-12
2346,-11
2347,-9
2348,-9
2349,-12
2350,-16
2351,-14
2352,-15
2353,-12
2354,-11
2355,-13
2356,-9
2357,-9
2358,-10
2359,-13
2360,-13
2361,-15
2362,-16
2363,-13
2364,-11
2365,-10
2366,-10
2367,-8
2368,-12
2369,-13
2370,-15
2371,-17
2372,-16
2373,-13
2374,-12
2375,-11
2376,-10
2377,-7
2378,-13
2379,-14
2380,-11
2381,-17
2382,-14
2383,-13
2384,-9
2385,-12
2386,-10
2387,-9
2388,-14
2389,-16
2390,-15
2391,-17
2392,-18
2393,-14
2394,-10
2395,-11
2396,-9
2397,-8
2398,-10
2399,-15
2400,-15
2401,-18
2402,-18
2403,-15
2404,-14
2405,-12
2406,-9
2407,-10
2408,-13
2409,-16
2410,-15
2411,-15
2412,-13
2413,-13
2414,-13
2415,-13
2416,-10
2417,-13
2418,-15
2419,-15
2420,-15
2421,-17
2422,-15
2423,-12
2424,-8
2425,-8
2426,-6
2427,-6
2428,-9
2429,-11
2430,-11
2431,-10
2432,-9
2433,-8
2434,-7
2435,-3
2436,0
2437,-1
2438,-3
2439,-4
2440,-4
2441,-3
2442,0
2443,-2
2444,1
2445,2
2446,2
2447,-1
2448,-2
2449,-3
2450,-3
2451,-5
2452,-4
2453,-2
2454,2
2455,0
2456,-1
2457,-6
2458,-9
2459,-12
2460,-13
2461,-16
2462,-16
2463,-14
2464,-13
2465,-10
2466,-9
2467,-12
2468,-13
2469,-15
2470,-18
2471,-21
2472,-17
2473,-13
2474,-13
2475,-14
2476,-11
2477,-12
2478,-15
2479,-19
2480,-21
2481,-24
2482,-22
2483,-15
2484,-16
2485,-14
2486,-12
2487,-16
2488,-19
2489,-22
2490,-20
2491,-18
2492,-19
2493,-17
2494,-15
2495,-15
2496,-13
2497,-16
2498,-20
2499,-20
2500,-20
2501,-20
2502,-18
2503,-18
2504,-16
2505,-19
2506,-18
2507,-20
2508,-21
2509,-25
2510,-29
2511,-29
2512,-23
2513,-15
2514,-4
2515,7
2516,18
2517,24
2518,36
2519,49
2520,65
2521,85
2522,111
2523,128
2524,130
2525,129
2526,119
2527,104
2528,85
2529,67
2530,49
2531,26
2532,4
2533,-18
2534,-33
2535,-34
2536,-29
2537,-25
2538,-25
2539,-23
2540,-21
2541,-19
2542,-14
2543,-12
2544,-8
2545,-8
2546,-7
2547,-11
2548,-14
2549,-17
2550,-17
2551,-16
2552,-13
2553,-10
2554,-7
2555,-5
2556,-5
2557,-6
2558,-5
2559,-12
2560,-15
2561,-14
2562,-12
2563,-10
2564,-10
2565,-6
2566,-6
2567,-8
2568,-10
2569,-10
2570,-12
2571,-10
2572,-9
2573,-6
2574,-3
2575,-2
2576,-6
2577,-7
2578,-7
2579,-8
2580,-8
2581,-6
2582,-3
2583,-2
2584,-1
2585,2
2586,1
2587,-4
2588,-6
2589,-8
2590,-9
2591,-9
2592,-4
2593,-2
2594,1
2595,4
2596,3
2597,0
2598,-1
2599,-3
2600,-2
2601,1
2602,3
2603,4
2604,6
2605,10
2606,7
2607,4
2608,5
2609,6
2610,6
2611,10
2612,12
2613,16
2614,17
2615,22
2616,20
2617,16
2618,15
2619,14
2620,16
2621,19
2622,23
2623,25
2624,30
2625,32
2626,32
2627,32
2628,29
2629,29
2630,27
2631,32
2632,35
2633,37
2634,38
2635,39
2636,38
2637,37
2638,35
2639,34
2640,33
2641,36
2642,35
2643,35
2644,34
2645,35
2646,31
2647,29
2648,26
2649,23
2650,21
2651,22
2652,23
2653,22
2654,22
2655,21
2656,16
2657,13
2658,9
2659,3
2660,2
2661,3
2662,3
2663,3
2664,0
2665,3
2666,3
2667,-4
2668,-7
2669,-9
2670,-8
2671,-8
2672,-7
2673,-8
2674,-5
2675,-4
2676,-9
2677,-10
2678,-13
2679,-14
2680,-13
2681,-9
2682,-9
2683,-11
2684,-9
2685,-9
2686,-11
2687,-14
2688,-16
2689,-17
2690,-17
2691,-17
2692,-12
2693,-13
2694,-9
2695,-10
2696,-12
2697,-15
2698,-18
2699,-17
2700,-14
2701,-13
2702,-12
2703,-8
2704,-9
2705,-10
2706,-11
2707,-12
2708,-14
2709,-16
2710,-15
2711,-12
2712,-13
2713,-10
2714,-6
2715,-8
2716,-11
2717,-11
2718,-11
2719,-12
2720,-12
2721,-9
2722,-5
2723,-4
2724,-2
2725,-5
2726,-11
2727,-12
2728,-13
2729,-13
2730,-11
2731,-9
2732,-7
2733,-5
2734,-5
2735,-7
2736,-10
2737,-9
2738,-10
2739,-11
2740,-10
2741,-8
2742,-5
2743,-4
2744,-3
2745,-4
2746,-7
2747,-7
2748,-9
2749,-11
2750,-9
2751,-7
2752,-7
2753,-6
2754,-5
2755,-6
2756,-9
2757,-8
2758,-10
2759,-11
2760,-12
2761,-8
2762,-6
2763,-6
2764,-6
2765,-10
2766,-11
2767,-12
2768,-12
2769,-14
2770,-12
2771,-10
2772,-9
2773,-8
2774,-6
2775,-8
2776,-12
2777,-12
2778,-13
2779,-14
2780,-13
2781,-11
2782,-9
2783,-9
2784,-9
2785,-11
2786,-10
2787,-11
2788,-14
2789,-14
2790,-13
2791,-12
2792,-9
2793,-8
2794,-10
2795,-11
2796,-10
2797,-12
2798,-14
2799,-14
2800,-12
2801,-11
2802,-11
2803,-9
2804,-11
2805,-13
2806,-14
2807,-13
2808,-15
2809,-17
2810,-14
2811,-12
2812,-10
2813,-10
2814,-9
2815,-11
2816,-13
2817,-11
2818,-13
2819,-14
2820,-11
2821,-11
2822,-12
2823,-8
2824,-6
2825,-10
2826,-13
2827,-17
2828,-13
2829,-14
2830,-12
2831,-8
2832,-9
2833,-9
2834,-8
2835,-11
2836,-13
2837,-16
2838,-18
2839,-16
2840,-13
2841,-10
2842,-10
2843,-10
2844,-11
2845,-14
2846,-12
2847,-13
2848,-13
2849,-16
2850,-13
2851,-11
2852,-9
2853,-9
2854,-9
2855,-11
2856,-13
2857,-13
2858,-15
2859,-15
2860,-13
2861,-8
2862,-8
2863,-7
2864,-8
2865,-9
2866,-12
2867,-11
2868,-15
2869,-14
2870,-11
2871,-7
2872,-9
2873,-9
2874,-11
2875,-13
2876,-14
2877,-15
2878,-18
2879,-14
2880,-11
2881,-10
2882,-8
2883,-8
2884,-8
2885,-13
2886,-12
2887,-17
2888,-15
2889,-15
2890,-10
2891,-6
2892,-2
2893,0
2894,-3
2895,-5
2896,-8
2897,-10
2898,-9
2899,-7
2900,-4
2901,-2
2902,0
2903,4
2904,-2
2905,-4
2906,-2
2907,-2
2908,-3
2909,0
2910,5
2911,6
2912,8
2913,8
2914,10
2915,11
2916,14
2917,14
2918,15
2919,17
2920,21
2921,24
2922,26
2923,27
2924,23
2925,22
2926,20
2927,17
2928,16
2929,20
2930,20
2931,22
2932,21
2933,23
2934,21
2935,21
2936,18
2937,19
2938,16
2939,17
2940,21
2941,21
2942,24
2943,24
2944,22
2945,18
2946,18
2947,16
2948,13
2949,15
2950,18
2951,19
2952,19
2953,24
2954,20
2955,18
2956,20
2957,17
2958,14
2959,14
2960,17
2961,20
2962,20
2963,18
2964,20
2965,17
2966,17
2967,14
2968,14
2969,15
2970,15
2971,14
2972,17
2973,14
2974,14
2975,11
2976,9
2977,6
2978,6
2979,10
2980,16
2981,28
2982,43
2983,52
2984,61
2985,73
2986,83
2987,99
2988,119
2989,146
2990,170
2991,173
2992,172
2993,162
2994,146
2995,127
2996,109
2997,85
2998,63
2999,41
3000,18
3001,2
3002,2
3003,8
3004,6
3005,8
3006,10
3007,14
3008,18
3009,23
3010,24
3011,26
3012,26
3013,24
3014,22
3015,21
3016,19
3017,17
3018,18
3019,20
3020,21
3021,22
3022,25
3023,25
3024,22
3025,21
3026,21
3027,17
3028,18
3029,21
3030,21
3031,22
3032,23
3033,24
3034,21
3035,19
3036,19
3037,17
3038,19
3039,22
3040,24
3041,25
3042,27
3043,29
3044,26
3045,22
3046,21
3047,22
3048,23
3049,26
3050,25
3051,29
3052,32
3053,30
3054,27
3055,24
3056,24
3057,24
3058,24
3059,27
3060,29
3061,33
3062,35
3063,33
3064,32
3065,33
3066,33
3067,30
3068,29
3069,31
3070,31
3071,31
3072,32
3073,29
3074,33
3075,35
3076,33
3077,31
3078,35
3079,38
3080,40
3081,45
3082,44
3083,46
3084,46
3085,48
3086,46
3087,45
3088,49
3089,51
3090,52
3091,58
3092,57
3093,54
3094,53
3095,59
3096,63
3097,60
3098,60
3099,60
3100,62
3101,65
3102,64
3103,65
3104,63
3105,63
3106,61
3107,60
3108,61
3109,63
3110,62
3111,62
3112,61
3113,59
3114,57
3115,54
3116,48
3117,45
3118,44
3119,44
3120,44
3121,42
3122,39
3123,33
3124,30
3125,28
3126,27
3127,20
3128,20
3129,19
3130,24
3131,21
3132,20
3133,16
3134,10
3135,7
3136,5
3137,3
3138,1
3139,4
3140,4
3141,4
3142,6
3143,3
3144,-2
3145,-7
3146,-6
3147,-4
3148,-3
3149,-2
3150,0
3151,1
3152,1
3153,-4
3154,-6
3155,-9
3156,-8
3157,-7
3158,-6
3159,-6
3160,-3
3161,-3
3162,-2
3163,-7
3164,-9
3165,-9
3166,-11
3167,-11
3168,-6
3169,-5
3170,-5
3171,-6
3172,-8
3173,-11
3174,-13
3175,-14
3176,-15
3177,-14
3178,-11
3179,-7
3180,-6
3181,-5
3182,-8
3183,-11
3184,-14
3185,-18
3186,-17
3187,-13
3188,-12
3189,-9
3190,-9
3191,-6
3192,-8
3193,-11
3194,-12
3195,-12
3196,-14
3197,-11
3198,-10
3199,-7
3200,-6
3201,-5
3202,-6
3203,-9
3204,-10
3205,-12
3206,-13
3207,-11
3208,-9
3209,-7
3210,-7
3211,-6
3212,-10
3213,-10
3214,-9
3215,-10
3216,-11
3217,-8
3218,-6
3219,-9
3220,-8
3221,-11
3222,-15
3223,-19
3224,-20
3225,-19
3226,-18
3227,-16
3228,-16
3229,-10
3230,-9
3231,-10
3232,-10
3233,-14
3234,-16
3235,-17
3236,-19
3237,-15
3238,-13
3239,-10
3240,-9
3241,-10
3242,-11
3243,-15
3244,-16
3245,-18
3246,-18
3247,-16
3248,-16
3249,-15
3250,-15
3251,-12
3252,-15
3253,-18
3254,-18
3255,-17
3256,-19
3257,-19
3258,-16
3259,-17
3260,-18
3261,-16
3262,-17
3263,-20
3264,-26
3265,-23
3266,-23
3267,-19
3268,-18
3269,-18
3270,-16
3271,-16
3272,-17
3273,-16
3274,-21
3275,-23
3276,-23
3277,-22
3278,-19
3279,-18
3280,-16
3281,-16
3282,-17
3283,-19
3284,-20
3285,-23
3286,-24
3287,-22
3288,-23
3289,-19
3290,-16
3291,-16
3292,-17
3293,-20
3294,-23
3295,-21
3296,-23
3297,-22
3298,-23
3299,-20
3300,-20
3301,-19
3302,-19
3303,-22
3304,-22
3305,-24
3306,-21
3307,-17
3308,-18
3309,-16
3310,-19
3311,-19
3312,-20
3313,-25
3314,-24
3315,-25
3316,-20
3317,-18
3318,-21
3319,-21
3320,-17
3321,-16
3322,-18
3323,-22
3324,-20
3325,-21
3326,-24
3327,-20
3328,-19
3329,-17
3330,-17
3331,-17
3332,-19
3333,-22
3334,-22
3335,-23
3336,-22
3337,-15
3338,-14
3339,-13
3340,-11
3341,-9
3342,-14
3343,-16
3344,-16
3345,-16
3346,-17
3347,-16
3348,-14
3349,-14
3350,-11
3351,-9
3352,-11
3353,-13
3354,-13
3355,-13
3356,-9
3357,-10
3358,-5
3359,-8
3360,-2
3361,-7
3362,-8
3363,-10
3364,-11
3365,-13
3366,-11
3367,-9
3368,-9
3369,-10
3370,-7
3371,-15
3372,-19
3373,-19
3374,-20
3375,-23
3376,-25
3377,-22
3378,-16
3379,-21
3380,-22
3381,-23
3382,-23
3383,-22
3384,-22
3385,-26
3386,-24
3387,-20
3388,-24
3389,-19
3390,-19
3391,-22
3392,-22
3393,-23
3394,-25
3395,-27
3396,-27
3397,-23
3398,-22
3399,-23
3400,-21
3401,-25
3402,-27
3403,-26
3404,-26
3405,-27
3406,-26
3407,-22
3408,-21
3409,-20
3410,-22
3411,-23
3412,-27
3413,-27
3414,-27
3415,-27
3416,-31
3417,-29
3418,-26
3419,-26
3420,-28
3421,-32
3422,-37
3423,-35
3424,-33
3425,-25
3426,-12
3427,-1
3428,9
3429,21
3430,36
3431,49
3432,66
3433,87
3434,103
3435,111
3436,111
3437,105
3438,96
3439,83
3440,72
3441,51
3442,27
3443,-2
3444,-23
3445,-39
3446,-43
3447,-43
3448,-38
3449,-33
3450,-32
3451,-30
3452,-25
3453,-21
3454,-22
3455,-18
3456,-18
3457,-16
3458,-16
3459,-16
3460,-17
3461,-18
3462,-21
3463,-23
3464,-23
3465,-23
3466,-19
3467,-19
3468,-19
3469,-15
3470,-17
3471,-19
3472,-19
3473,-18
3474,-21
3475,-18
3476,-13
3477,-15
3478,-15
3479,-13
3480,-12
3481,-14
3482,-18
3483,-19
3484,-20
3485,-18
3486,-13
3487,-12
3488,-11
3489,-6
3490,-11
3491,-14
3492,-14
3493,-15
3494,-14
3495,-14
3496,-12
3497,-11
3498,-10
3499,-8
3500,-11
3501,-10
3502,-9
3503,-11
3504,-12
3505,-8
3506,-6
3507,-6
3508,-4
3509,-4
3510,-7
3511,-7
3512,-7
3513,-7
3514,-8
3515,-7
3516,-1
3517,4
3518,4
3519,4
3520,2
3521,3
3522,2
3523,2
3524,3
3525,4
3526,5
3527,4
3528,7
3529,11
3530,13
3531,11
3532,12
3533,12
3534,14
3535,20
3536,23
3537,23
3538,21
3539,25
3540,25
3541,23
3542,21
3543,23
3544,22
3545,25
3546,25
3547,26
3548,29
3549,30
3550,27
3551,26
3552,26
3553,23
3554,22
3555,26
3556,27
3557,27
3558,26
3559,26
3560,23
3561,17
3562,15
3563,13
3564,12
3565,11
3566,10
3567,6
3568,8
3569,6
3570,4
3571,-3
3572,-5
3573,-6
3574,-6
3575,-6
3576,-6
3577,-6
3578,-4
3579,-8
3580,-10
3581,-15
3582,-17
3583,-16
3584,-16
3585,-13
3586,-14
3587,-13
3588,-11
3589,-15
3590,-18
3591,-23
3592,-20
3593,-22
3594,-23
3595,-21
3596,-19
3597,-18
3598,-15
3599,-12
3600,-19
3601,-20
3602,-25
3603,-23
3604,-23
3605,-20
3606,-20
3607,-20
3608,-18
3609,-18
3610,-20
3611,-22
3612,-21
3613,-23
3614,-21
3615,-18
3616,-16
3617,-15
3618,-15
3619,-19
3620,-20
3621,-21
3622,-24
3623,-24
3624,-23
3625,-19
3626,-19
3627,-18
3628,-14
3629,-19
3630,-19
3631,-18
3632,-21
3633,-22
3634,-18
3635,-14
3636,-14
3637,-14
3638,-14
3639,-17
3640,-20
3641,-20
3642,-20
3643,-22
3644,-22
3645,-18
3646,-18
3647,-14
3648,-14
3649,-15
3650,-19
3651,-22
3652,-20
3653,-20
3654,-19
3655,-19
3656,-16
3657,-15
3658,-10
3659,-13
3660,-17
3661,-18
3662,-22
3663,-23
3664,-20
3665,-19
3666,-17
3667,-13
3668,-12
3669,-13
3670,-19
3671,-24
3672,-20
3673,-20
3674,-21
3675,-17
3676,-15
3677,-15
3678,-14
3679,-17
3680,-20
3681,-23
3682,-24
3683,-23
3684,-20
3685,-16
3686,-18
3687,-18
3688,-14
3689,-19
3690,-23
3691,-23
3692,-23
3693,-24
3694,-23
3695,-19
3696,-20
3697,-19
3698,-15
3699,-19
3700,-22
3701,-25
3702,-24
3703,-20
3704,-23
3705,-22
3706,-20
3707,-16
3708,-19
3709,-19
3710,-22
3711,-26
3712,-24
3713,-25
3714,-24
3715,-22
3716,-21
3717,-19
3718,-20
3719,-21
3720,-24
3721,-24
3722,-25
3723,-24
3724,-21
3725,-19
3726,-19
3727,-18
3728,-20
3729,-21
3730,-23
3731,-23
3732,-28
3733,-27
3734,-24
3735,-24
3736,-22
3737,-21
3738,-19
3739,-23
3740,-26
3741,-26
3742,-23
3743,-25
3744,-21
3745,-21
3746,-19
3747,-19
3748,-22
3749,-21
3750,-21
3751,-23
3752,-27
3753,-29
3754,-23
3755,-20
3756,-22
3757,-19
3758,-19
3759,-22
3760,-23
3761,-24
3762,-26
3763,-28
3764,-25
3765,-23
3766,-20
3767,-20
3768,-22
3769,-21
3770,-21
3771,-20
3772,-25
3773,-21
3774,-16
3775,-16
3776,-12
3777,-13
3778,-13
3779,-16
3780,-19
3781,-20
3782,-22
3783,-21
3784,-15
3785,-10
3786,-10
3787,-9
3788,-10
3789,-13
3790,-14
3791,-11
3792,-13
3793,-11
3794,-12
3795,-8
3796,-7
3797,-6
3798,-9
3799,-12
3800,-13
3801,-13
3802,-15
3803,-15
3804,-15
3805,-15
3806,-10
3807,-14
3808,-19
3809,-19
3810,-22
3811,-23
3812,-27
3813,-22
3814,-21
3815,-23
3816,-21
3817,-20
3818,-21
3819,-23
3820,-27
3821,-28
3822,-26
3823,-26
3824,-24
3825,-23
3826,-20
3827,-19
3828,-21
3829,-24
3830,-24
3831,-24
3832,-30
3833,-26
3834,-24
3835,-23
3836,-27
3837,-24
3838,-22
3839,-22
3840,-23
3841,-26
3842,-27
3843,-27
3844,-25
3845,-21
3846,-22
3847,-22
3848,-27
3849,-27
3850,-30
3851,-32
3852,-32
3853,-29
3854,-30
3855,-34
3856,-30
3857,-27
3858,-23
3859,-16
3860,-8
3861,0
3862,6
3863,19
3864,31
3865,48
3866,69
3867,83
3868,100
3869,97
3870,93
3871,79
3872,70
3873,57
3874,48
3875,35
3876,17
3877,-5
3878,-27
3879,-44
3880,-45
3881,-41
3882,-36
3883,-30
3884,-27
3885,-22
3886,-19
3887,-17
3888,-15
3889,-19
3890,-21
3891,-25
3892,-24
3893,-24
3894,-22
3895,-19
3896,-16
3897,-15
3898,-17
3899,-20
3900,-24
3901,-25
3902,-22
3903,-24
3904,-23
3905,-20
3906,-18
3907,-17
3908,-20
3909,-20
3910,-18
3911,-19
3912,-17
3913,-18
3914,-18
3915,-17
3916,-13
3917,-15
3918,-16
3919,-15
3920,-16
3921,-20
3922,-18
3923,-14
3924,-11
3925,-13
3926,-13
3927,-12
3928,-7
3929,-5
3930,-3
3931,0
3932,3
3933,8
3934,8
3935,15
3936,17
3937,17
3938,18
3939,19
3940,14
3941,16
3942,20
3943,20
3944,24
3945,27
3946,29
3947,25
3948,27
3949,26
3950,23
3951,27
3952,29
3953,36
3954,38
3955,35
3956,37
3957,38
3958,36
3959,37
3960,36
3961,37
3962,39
3963,43
3964,42
3965,44
3966,50
3967,51
3968,50
3969,52
3970,49
3971,52
3972,52
3973,57
3974,55
3975,61
3976,61
3977,59
3978,58
3979,54
3980,55
3981,56
3982,57
3983,59
3984,64
3985,58
3986,64
3987,61
3988,60
3989,56
3990,52
3991,54
3992,52
3993,54
3994,54
3995,53
3996,53
3997,48
3998,43
3999,45
4000,42
4001,36
4002,35
4003,34
4004,34
4005,37
4006,32
4007,29
4008,25
4009,23
4010,20
4011,22
4012,21
4013,20
4014,26
4015,22
4016,21
4017,17
4018,14
4019,13
4020,13
4021,12
4022,15
4023,15
4024,14
4025,13
4026,13
4027,12
4028,9
4029,7
4030,7
4031,4
4032,7
4033,10
4034,10
4035,14
4036,14
4037,10
4038,10
4039,8
4040,6
4041,7
4042,10
4043,10
4044,14
4045,16
4046,11
4047,9
4048,8
4049,6
4050,8
4051,4
4052,8
4053,10
4054,10
4055,12
4056,9
4057,7
4058,7
4059,5
4060,5
4061,6
4062,8
4063,10
4064,11
4065,13
4066,10
4067,9
4068,6
4069,4
4070,3
4071,2
4072,3
4073,6
4074,8
4075,10
4076,8
4077,5
4078,4
4079,1
4080,2
4081,2
4082,6
4083,7
4084,9
4085,7
4086,7
4087,3
4088,2
4089,0
4090,-2
4091,-1
4092,3
4093,3
4094,2
4095,5
4096,3
4097,1
4098,-3
4099,2
4100,1
4101,-1
4102,1
4103,2
4104,4
4105,0
4106,2
4107,-3
4108,-8
4109,-9
4110,-10
4111,-6
4112,-3
4113,-1
4114,2
4115,-6
4116,0
4117,-2
4118,-2
4119,-6
4120,-5
4121,-8
4122,-7
4123,-2
4124,-1
4125,-4
4126,-6
4127,-8
4128,-6
4129,-9
4130,-12
4131,-4
4132,0
4133,-5
4134,-4
4135,3
4136,-7
4137,-8
4138,-12
4139,-10
4140,-7
4141,-10
4142,-7
4143,-10
4144,-8
4145,-6
4146,-6
4147,-10
4148,-9
4149,-12
4150,-16
4151,-9
4152,-8
4153,-9
4154,-8
4155,-6
4156,-13
4157,-13
4158,-11
4159,-14
4160,-15
4161,-14
4162,-11
4163,-11
4164,-12
4165,-10
4166,-13
4167,-15
4168,-15
4169,-17
4170,-19
4171,-16
4172,-14
4173,-14
4174,-13
4175,-15
4176,-15
4177,-16
4178,-15
4179,-20
4180,-17
4181,-16
4182,-15
4183,-11
4184,-12
4185,-16
4186,-18
4187,-21
4188,-22
4189,-22
4190,-20
4191,-15
4192,-13
4193,-11
4194,-10
4195,-11
4196,-15
4197,-13
4198,-12
4199,-13
4200,-11
4201,-8
4202,-9
4203,-8
4204,-9
4205,-10
4206,-14
4207,-16
4208,-16
4209,-13
4210,-5
4211,-6
4212,-6
4213,-6
4214,0
4215,-2
4216,-4
4217,-7
4218,-8
4219,-9
4220,-8
4221,-5
4222,-6
4223,-6
4224,-5
4225,-1
4226,-7
4227,-9
4228,-13
4229,-20
4230,-17
4231,-16
4232,-16
4233,-16
4234,-16
4235,-18
4236,-20
4237,-23
4238,-24
4239,-27
4240,-26
4241,-21
4242,-23
4243,-20
4244,-21
4245,-19
4246,-20
4247,-24
4248,-26
4249,-27
4250,-24
4251,-23
4252,-21
4253,-21
4254,-21
4255,-24
4256,-28
4257,-27
4258,-26
4259,-29
4260,-26
4261,-22
4262,-22
4263,-26
4264,-23
4265,-22
4266,-25
4267,-28
4268,-28
4269,-32
4270,-26
4271,-25
4272,-26
4273,-30
4274,-24
4275,-29
4276,-32
4277,-35
4278,-32
4279,-39
4280,-37
4281,-28
4282,-18
4283,-9
4284,2
4285,10
4286,14
4287,24
4288,38
4289,56
4290,78
4291,101
4292,104
4293,102
4294,94
4295,77
4296,66
4297,50
4298,31
4299,12
4300,-12
4301,-27
4302,-41
4303,-44
4304,-41
4305,-42
4306,-39
4307,-33
4308,-29
4309,-26
4310,-26
4311,-22
4312,-18
4313,-19
4314,-21
4315,-23
4316,-23
4317,-23
4318,-23
4319,-22
4320,-22
4321,-16
4322,-24
4323,-20
4324,-16
4325,-22
4326,-29
4327,-25
4328,-26
4329,-23
4330,-22
4331,-16
4332,-13
4333,-14
4334,-16
4335,-19
4336,-20
4337,-19
4338,-23
4339,-22
4340,-17
4341,-18
4342,-13
4343,-8
4344,-13
4345,-9
4346,-16
4347,-13
4348,-20
4349,-21
4350,-19
4351,-16
4352,-14
4353,-12
4354,-16
4355,-16
4356,-15
4357,-11
4358,-19
4359,-15
4360,-11
4361,-7
4362,-6
4363,-6
4364,-7
4365,-9
4366,-8
4367,-9
4368,-9
4369,-9
4370,-7
4371,-3
4372,0
4373,1
4374,0
4375,-3
4376,-4
4377,-5
4378,-3
4379,0
4380,-2
4381,4
4382,6
4383,10
4384,11
4385,9
4386,8
4387,6
4388,6
4389,7
4390,11
4391,13
4392,17
4393,26
4394,20
4395,15
4396,18
4397,18
4398,19
4399,19
4400,22
4401,24
4402,26
4403,30
4404,27
4405,20
4406,20
4407,23
4408,19
4409,23
4410,25
4411,22
4412,25
4413,23
4414,21
4415,18
4416,17
4417,14
4418,12
4419,12
4420,10
4421,19
4422,9
4423,8
4424,6
4425,-1
4426,-3
4427,-2
4428,-7
4429,-8
4430,-6
4431,-8
4432,-10
4433,-8
4434,-12
4435,-20
4436,-21
4437,-21
4438,-23
4439,-19
4440,-18
4441,-13
4442,-17
4443,-18
4444,-23
4445,-27
4446,-27
4447,-23
4448,-25
4449,-25
4450,-24
4451,-22
4452,-19
4453,-20
4454,-23
4455,-25
4456,-28
4457,-29
4458,-28
4459,-24
4460,-23
4461,-21
4462,-21
4463,-20
4464,-23
4465,-24
4466,-27
4467,-28
4468,-28
4469,-25
4470,-21
4471,-22
4472,-20
4473,-21
4474,-20
4475,-21
4476,-22
4477,-25
4478,-28
4479,-25
4480,-23
4481,-27
4482,-21
4483,-22
4484,-24
4485,-25
4486,-25
4487,-25
4488,-24
4489,-25
4490,-22
4491,-19
4492,-18
4493,-19
4494,-21
4495,-22
4496,-20
4497,-24
4498,-26
4499,-25
4500,-21
4501,-21
4502,-19
4503,-21
4504,-22
4505,-20
4506,-26
4507,-27
4508,-25
4509,-22
4510,-22
4511,-19
4512,-18
4513,-16
4514,-17
4515,-19
4516,-24
4517,-24
4518,-26
4519,-23
4520,-24
4521,-20
4522,-18
4523,-19
4524,-22
4525,-24
4526,-24
4527,-24
4528,-24
4529,-22
4530,-22
4531,-20
4532,-20
4533,-22
4534,-24
4535,-25
4536,-24
4537,-26
4538,-27
4539,-25
4540,-23
4541,-21
4542,-19
4543,-25
4544,-26
4545,-27
4546,-27
4547,-29
4548,-25
4549,-23
4550,-26
4551,-23
4552,-23
4553,-22
4554,-25
4555,-25
4556,-27
4557,-26
4558,-25
4559,-25
4560,-26
4561,-25
4562,-24
4563,-28
4564,-28
4565,-28
4566,-29
4567,-32
4568,-28
4569,-26
4570,-24
4571,-23
4572,-22
4573,-26
4574,-28
4575,-28
4576,-30
4577,-31
4578,-27
4579,-25
4580,-22
4581,-20
4582,-20
4583,-26
4584,-25
4585,-28
4586,-30
4587,-30
4588,-26
4589,-24
4590,-26
4591,-21
4592,-25
4593,-28
4594,-29
4595,-27
4596,-28
4597,-32
4598,-25
4599,-26
4600,-28
4601,-27
4602,-28
4603,-30
4604,-27
4605,-29
4606,-30
4607,-30
4608,-26
4609,-24
4610,-22
4611,-20
4612,-22
4613,-21
4614,-22
4615,-21
4616,-23
4617,-22
4618,-24
4619,-20
4620,-22
4621,-17
4622,-21
4623,-20
4624,-20
4625,-19
4626,-17
4627,-17
4628,-16
4629,-12
4630,-12
4631,-9
4632,-12
4633,-14
4634,-12
4635,-14
4636,-14
4637,-13
4638,-15
4639,-17
4640,-14
4641,-18
4642,-20
4643,-20
4644,-23
4645,-25
4646,-28
4647,-26
4648,-25
4649,-25
4650,-27
4651,-25
4652,-28
4653,-26
4654,-26
4655,-29
4656,-30
4657,-27
4658,-28
4659,-28
4660,-23
4661,-26
4662,-29
4663,-30
4664,-29
4665,-32
4666,-33
4667,-29
4668,-27
4669,-26
4670,-26
4671,-28
4672,-28
4673,-30
4674,-33
4675,-32
4676,-37
4677,-30
4678,-27
4679,-26
4680,-29
4681,-27
4682,-27
4683,-32
4684,-32
4685,-34
4686,-37
4687,-34
4688,-35
4689,-33
4690,-34
4691,-33
4692,-36
4693,-39
4694,-42
4695,-38
4696,-33
4697,-22
4698,-10
4699,0
4700,11
4701,25
4702,37
4703,56
4704,75
4705,99
4706,117
4707,116
4708,111
4709,98
4710,86
4711,65
4712,47
4713,21
4714,-2
4715,-24
4716,-48
4717,-55
4718,-52
4719,-44
4720,-39
4721,-37
4722,-30
4723,-27
4724,-32
4725,-29
4726,-28
4727,-25
4728,-23
4729,-23
4730,-22
4731,-22
4732,-27
4733,-26
4734,-28
4735,-29
4736,-30
4737,-24
4738,-24
4739,-23
4740,-21
4741,-18
4742,-23
4743,-25
4744,-25
4745,-26
4746,-25
4747,-24
4748,-19
4749,-20
4750,-20
4751,-20
4752,-22
4753,-24
4754,-24
4755,-25
4756,-20
4757,-22
4758,-18
4759,-16
4760,-16
4761,-15
4762,-16
4763,-17
4764,-20
4765,-19
4766,-20
4767,-15
4768,-15
4769,-14
4770,-13
4771,-13
4772,-16
4773,-18
4774,-19
4775,-19
4776,-15
4777,-14
4778,-12
4779,-8
4780,-7
4781,-9
4782,-13
4783,-13
4784,-11
4785,-10
4786,-9
4787,-8
4788,-5
4789,1
4790,1
4791,3
4792,1
4793,-2
4794,-2
4795,-4
4796,-1
4797,1
4798,6
4799,5
4800,8
4801,13
4802,12
4803,11
4804,11
4805,9
4806,12
4807,14
4808,15
4809,19
4810,24
4811,23
4812,25
4813,24
4814,24
4815,23
4816,22
4817,25
4818,30
4819,28
4820,29
4821,29
4822,26
4823,22
4824,19
4825,19
4826,19
4827,24
4828,24
4829,25
4830,25
4831,21
4832,19
4833,14
4834,12
4835,9
4836,8
4837,8
4838,8
4839,3
4840,4
4841,3
4842,-5
4843,-11
4844,-9
4845,-10
4846,-13
4847,-13
4848,-9
4849,-11
4850,-11
4851,-14
4852,-17
4853,-21
4854,-22
4855,-22
4856,-23
4857,-22
4858,-21
4859,-22
4860,-21
4861,-20
4862,-19
4863,-26
4864,-27
4865,-28
4866,-23
4867,-25
4868,-25
4869,-19
4870,-20
4871,-25
4872,-28
4873,-27
4874,-28
4875,-29
4876,-25
4877,-23
4878,-22
4879,-24
4880,-22
4881,-25
4882,-25
4883,-25
4884,-25
4885,-27
4886,-23
4887,-24
4888,-22
4889,-20
4890,-17
4891,-21
4892,-22
4893,-25
4894,-25
4895,-25
4896,-24
4897,-19
4898,-19
4899,-18
4900,-20
4901,-21
4902,-23
4903,-23
4904,-25
4905,-26
4906,-21
4907,-20
4908,-16
4909,-18
4910,-15
4911,-20
4912,-25
4913,-24
4914,-25
4915,-26
4916,-18
4917,-19
4918,-16
4919,-14
4920,-16
4921,-18
4922,-22
4923,-23
4924,-24
4925,-22
4926,-20
4927,-20
4928,-18
4929,-16
4930,-19
4931,-21
4932,-21
4933,-25
4934,-23
4935,-22
4936,-21
4937,-20
4938,-18
4939,-19
4940,-20
4941,-23
4942,-22
4943,-21
4944,-16
4945,-15
4946,-11
4947,-9
4948,-5
4949,0
4950,0
4951,-1
4952,-5
4953,-2
4954,-3
4955,-5
4956,1
4957,3
4958,4
4959,7
4960,7
4961,3
4962,1
4963,-2
4964,-2
4965,3
4966,6
4967,7
4968,7
4969,8
4970,4
4971,2
4972,1
4973,1
4974,2
4975,2
4976,5
4977,6
4978,9
4979,11
4980,10
4981,6
4982,2
4983,2
4984,1
4985,1
4986,5
4987,8
4988,10
4989,7
4990,5
4991,4
4992,2
4993,3
4994,3
4995,3
4996,6
4997,4
4998,7
4999,8
5000,5
5001,4
5002,4
5003,0
5004,1
5005,1
5006,6
5007,6
5008,6
5009,7
5010,3
5011,-2
5012,-3
5013,-1
5014,-1
5015,2
5016,3
5017,7
5018,7
5019,8
5020,5
5021,3
5022,2
5023,2
5024,4
5025,6
5026,8
5027,9
5028,11
5029,10
5030,9
5031,6
5032,4
5033,5
5034,8
5035,10
5036,15
5037,18
5038,20
5039,19
5040,16
5041,15
5042,9
5043,8
5044,8
5045,11
5046,14
5047,14
5048,16
5049,15
5050,10
5051,5
5052,2
5053,-1
5054,0
5055,1
5056,0
5057,1
5058,2
5059,2
5060,-4
5061,-6
5062,-8
5063,-10
5064,-10
5065,-8
5066,-10
5067,-7
5068,-7
5069,-8
5070,-9
5071,-10
5072,-12
5073,-15
5074,-15
5075,-15
5076,-13
5077,-12
5078,-10
5079,-12
5080,-13
5081,-17
5082,-17
5083,-19
5084,-18
5085,-14
5086,-15
5087,-15
5088,-14
5089,-12
5090,-14
5091,-15
5092,-18
5093,-20
5094,-17
5095,-16
5096,-17
5097,-15
5098,-15
5099,-19
5100,-24
5101,-25
5102,-29
5103,-34
5104,-31
5105,-29
5106,-23
5107,-14
5108,-1
5109,12
5110,16
5111,27
5112,43
5113,57
5114,82
5115,110
5116,130
5117,137
5118,135
5119,123
5120,107
5121,88
5122,66
5123,46
5124,21
5125,-2
5126,-26
5127,-41
5128,-45
5129,-42
5130,-39
5131,-38
5132,-33
5133,-30
5134,-24
5135,-19
5136,-16
5137,-16
5138,-15
5139,-15
5140,-21
5141,-22
5142,-23
5143,-24
5144,-20
5145,-17
5146,-17
5147,-16
5148,-17
5149,-20
5150,-21
5151,-23
5152,-23
5153,-23
5154,-21
5155,-20
5156,-19
5157,-17
5158,-15
5159,-17
5160,-20
5161,-18
5162,-21
5163,-20
5164,-18
5165,-15
5166,-13
5167,-12
5168,-13
5169,-15
5170,-18
5171,-19
5172,-19
5173,-19
5174,-16
5175,-15
5176,-15
5177,-11
5178,-11
5179,-13
5180,-15
5181,-16
5182,-17
5183,-17
5184,-11
5185,-8
5186,-10
5187,-11
5188,-10
5189,-11
5190,-13
5191,-13
5192,-12
5193,-12
5194,-7
5195,-5
5196,-6
5197,-7
5198,-8
5199,-7
5200,-5
5201,-7
5202,-8
5203,-6
5204,-5
5205,-1
5206,1
5207,5
5208,6
5209,2
5210,2
5211,2
5212,3
5213,4
5214,9
5215,12
5216,13
5217,16
5218,16
5219,16
5220,12
5221,14
5222,16
5223,17
5224,18
5225,22
5226,24
5227,24
5228,24
5229,23
5230,22
5231,21
5232,17
5233,17
5234,18
5235,19
5236,22
5237,20
5238,20
5239,15
5240,11
5241,7
5242,6
5243,6
5244,5
5245,6
5246,8
5247,5
5248,3
5249,-4
5250,-5
5251,-10
5252,-13
5253,-13
5254,-10
5255,-8
5256,-8
5257,-9
5258,-13
5259,-18
5260,-24
5261,-22
5262,-26
5263,-27
5264,-28
5265,-28
5266,-26
5267,-22
5268,-25
5269,-28
5270,-30
5271,-30
5272,-33
5273,-30
5274,-29
5275,-29
5276,-27
5277,-25
5278,-28
5279,-31
5280,-32
5281,-34
5282,-32
5283,-33
5284,-31
5285,-29
5286,-30
5287,-24
5288,-27
5289,-26
5290,-29
5291,-32
5292,-34
5293,-31
5294,-29
5295,-27
5296,-26
5297,-23
5298,-27
5299,-30
5300,-31
5301,-32
5302,-33
5303,-29
5304,-25
5305,-23
5306,-21
5307,-20
5308,-22
5309,-25
5310,-27
5311,-33
5312,-33
5313,-30
5314,-28
5315,-29
5316,-28
5317,-27
5318,-25
5319,-29
5320,-31
5321,-30
5322,-30
5323,-28
5324,-26
5325,-25
5326,-24
5327,-23
5328,-28
5329,-27
5330,-26
5331,-31
5332,-32
5333,-31
5334,-30
5335,-29
5336,-28
5337,-26
5338,-29
5339,-29
5340,-31
5341,-32
5342,-32
5343,-30
5344,-27
5345,-26
5346,-27
5347,-29
5348,-32
5349,-33
5350,-32
5351,-34
5352,-34
5353,-31
5354,-28
5355,-26
5356,-28
5357,-30
5358,-31
5359,-32
5360,-33
5361,-36
5362,-37
5363,-33
5364,-32
5365,-31
5366,-28
5367,-29
5368,-31
5369,-34
5370,-33
5371,-36
5372,-32
5373,-31
5374,-28
5375,-29
5376,-27
5377,-32
5378,-34
5379,-38
5380,-43
5381,-42
5382,-40
5383,-34
5384,-30
5385,-28
5386,-30
5387,-31
5388,-31
5389,-36
5390,-37
5391,-38
5392,-38
5393,-35
5394,-31
5395,-30
5396,-29
5397,-30
5398,-32
5399,-33
5400,-34
5401,-32
5402,-32
5403,-30
5404,-29
5405,-27
5406,-25
5407,-28
5408,-29
5409,-30
5410,-32
5411,-34
5412,-30
5413,-27
5414,-21
5415,-20
5416,-19
5417,-18
5418,-21
5419,-25
5420,-25
5421,-25
5422,-21
5423,-18
5424,-17
5425,-22
5426,-20
5427,-23
5428,-24
5429,-27
5430,-29
5431,-31
5432,-28
5433,-28
5434,-29
5435,-31
5436,-32
5437,-35
5438,-34
5439,-36
5440,-35
5441,-35
5442,-34
5443,-34
5444,-30
5445,-31
5446,-31
5447,-32
5448,-35
5449,-36
5450,-39
5451,-39
5452,-37
5453,-36
5454,-35
5455,-33
5456,-36
5457,-39
5458,-41
5459,-40
5460,-39
5461,-41
5462,-36
5463,-34
5464,-34
5465,-33
5466,-31
5467,-36
5468,-38
5469,-42
5470,-42
5471,-42
5472,-43
5473,-37
5474,-37
5475,-34
5476,-32
5477,-32
5478,-40
5479,-47
5480,-46
5481,-49
5482,-48
5483,-49
5484,-47
5485,-41
5486,-35
5487,-32
5488,-18
5489,-6
5490,1
5491,16
5492,39
5493,61
5494,87
5495,103
5496,104
5497,101
5498,88
5499,77
5500,62
5501,43
5502,25
5503,7
5504,-17
5505,-36
5506,-51
5507,-60
5508,-57
5509,-57
5510,-56
5511,-53
5512,-45
5513,-40
5514,-33
5515,-30
5516,-31
5517,-31
5518,-34
5519,-37
5520,-39
5521,-35
5522,-31
5523,-31
5524,-30
5525,-31
5526,-31
5527,-34
5528,-30
5529,-29
5530,-31
5531,-31
5532,-30
5533,-28
5534,-25
5535,-21
5536,-26
5537,-30
5538,-27
5539,-30
5540,-32
5541,-30
5542,-29
5543,-25
5544,-23
5545,-21
5546,-22
5547,-22
5548,-24
5549,-27
5550,-25
5551,-23
5552,-21
5553,-22
5554,-23
5555,-22
5556,-23
5557,-26
5558,-24
5559,-24
5560,-28
5561,-28
5562,-24
5563,-21
5564,-17
5565,-17
5566,-16
5567,-17
5568,-18
5569,-20
5570,-18
5571,-19
5572,-16
5573,-13
5574,-12
5575,-7
5576,-9
5577,-12
5578,-11
5579,-10
5580,-10
5581,-8
5582,-6
5583,-4
5584,-2
5585,1
5586,2
5587,-4
5588,-5
5589,-3
5590,-1
5591,2
5592,6
5593,9
5594,10
5595,11
5596,12
5597,11
5598,11
5599,11
5600,11
5601,14
5602,17
5603,19
5604,20
5605,23
5606,22
5607,19
5608,19
5609,15
5610,13
5611,15
5612,24
5613,17
5614,19
5615,22
5616,19
5617,15
5618,11
5619,8
5620,7
5621,4
5622,7
5623,7
5624,5
5625,7
5626,0
5627,-6
5628,-6
5629,-7
5630,-10
5631,-14
5632,-14
5633,-14
5634,-12
5635,-15
5636,-20
5637,-22
5638,-25
5639,-29
5640,-31
5641,-31
5642,-27
5643,-27
5644,-26
5645,-23
5646,-29
5647,-29
5648,-29
5649,-33
5650,-32
5651,-30
5652,-31
5653,-28
5654,-30
5655,-30
5656,-35
5657,-34
5658,-34
5659,-34
5660,-33
5661,-33
5662,-31
5663,-31
5664,-29
5665,-29
5666,-34
5667,-32
5668,-33
5669,-33
5670,-31
5671,-30
5672,-30
5673,-27
5674,-27
5675,-27
5676,-31
5677,-34
5678,-34
5679,-31
5680,-30
5681,-30
5682,-29
5683,-28
5684,-27
5685,-30
5686,-31
5687,-33
5688,-32
5689,-33
5690,-31
5691,-30
5692,-28
5693,-26
5694,-24
5695,-27
5696,-30
5697,-31
5698,-32
5699,-32
5700,-29
5701,-29
5702,-27
5703,-27
5704,-24
5705,-27
5706,-29
5707,-28
5708,-29
5709,-32
5710,-30
5711,-29
5712,-27
5713,-27
5714,-25
5715,-28
5716,-31
5717,-30
5718,-31
5719,-33
5720,-30
5721,-30
5722,-28
5723,-28
5724,-27
5725,-28
5726,-31
5727,-33
5728,-32
5729,-36
5730,-34
5731,-32
5732,-33
5733,-26
5734,-28
5735,-29
5736,-31
5737,-31
5738,-33
5739,-34
5740,-31
5741,-29
5742,-26
5743,-26
5744,-25
5745,-29
5746,-29
5747,-28
5748,-31
5749,-32
5750,-31
5751,-31
5752,-31
5753,-27
5754,-26
5755,-29
5756,-32
5757,-33
5758,-37
5759,-37
5760,-31
5761,-31
5762,-30
5763,-27
5764,-27
5765,-27
5766,-27
5767,-28
5768,-31
5769,-30
5770,-28
5771,-25
5772,-24
5773,-24
5774,-25
5775,-29
5776,-27
5777,-30
5778,-28
5779,-31
5780,-26
5781,-25
5782,-22
5783,-19
5784,-17
5785,-20
5786,-20
5787,-21
5788,-20
5789,-21
5790,-19
5791,-16
5792,-14
5793,-14
5794,-16
5795,-18
5796,-23
5797,-27
5798,-29
5799,-31
5800,-27
5801,-26
5802,-30
5803,-28
5804,-30
5805,-31
5806,-33
5807,-34
5808,-35
5809,-35
5810,-31
5811,-30
5812,-29
5813,-31
5814,-29
5815,-33
5816,-36
5817,-34
5818,-36
5819,-35
5820,-32
5821,-32
5822,-32
5823,-31
5824,-30
5825,-32
5826,-32
5827,-28
5828,-26
5829,-22
5830,-17
5831,-15
5832,-13
5833,-11
5834,-12
5835,-13
5836,-13
5837,-14
5838,-14
5839,-10
5840,-8
5841,-6
5842,-5
5843,-5
5844,-8
5845,-9
5846,-12
5847,-15
5848,-18
5849,-14
5850,-14
5851,-14
5852,-14
5853,-8
5854,1
5855,6
5856,14
5857,22
5858,30
5859,40
5860,55
5861,74
5862,97
5863,116
5864,122
5865,114
5866,101
5867,88
5868,76
5869,68
5870,57
5871,40
5872,15
5873,-4
5874,-22
5875,-31
5876,-30
5877,-25
5878,-22
5879,-18
5880,-10
5881,-4
5882,1
5883,5
5884,4
5885,0
5886,-2
5887,-4
5888,-2
5889,0
5890,0
5891,0
5892,0
5893,-1
5894,-2
5895,-3
5896,-1
5897,-3
5898,-1
5899,1
5900,1
5901,4
5902,6
5903,8
5904,3
5905,-1
5906,-3
5907,-4
5908,-3
5909,0
5910,4
5911,4
5912,7
5913,7
5914,4
5915,2
5916,1
5917,0
5918,0
5919,5
5920,8
5921,5
5922,8
5923,11
5924,6
5925,4
5926,5
5927,3
5928,2
5929,2
5930,5
5931,6
5932,8
5933,9
5934,8
5935,6
5936,4
5937,5
5938,5
5939,7
5940,11
5941,13
5942,14
5943,13
5944,11
5945,8
5946,9
5947,10
5948,9
5949,12
5950,13
5951,14
5952,17
5953,18
5954,16
5955,14
5956,14
5957,15
5958,17
5959,20
5960,23
5961,24
5962,26
5963,29
5964,26
5965,23
5966,23
5967,22
5968,22
5969,26
5970,28
5971,32
5972,34
5973,34
5974,30
5975,25
5976,26
5977,25
5978,28
5979,29
5980,29
5981,27
5982,28
5983,26
5984,22
5985,20
5986,16
5987,11
5988,14
5989,17
5990,16
5991,12
5992,15
5993,12
5994,10
5995,8
5996,3
5997,-1
5998,1
5999,-2
6000,-1
6001,-3
6002,-3
6003,-6
6004,-9
6005,-8
6006,-12
6007,-14
6008,-16
6009,-15
6010,-14
6011,-13
6012,-14
6013,-14
6014,-14
6015,-17
6016,-18
6017,-21
6018,-20
6019,-21
6020,-19
6021,-15
6022,-17
6023,-20
6024,-23
6025,-24
6026,-23
6027,-26
6028,-23
6029,-21
6030,-21
6031,-19
6032,-18
6033,-22
6034,-29
6035,-25
6036,-26
6037,-27
6038,-25
6039,-24
6040,-20
6041,-16
6042,-18
6043,-22
6044,-28
6045,-26
6046,-24
6047,-27
6048,-26
6049,-23
6050,-24
6051,-23
6052,-21
6053,-25
6054,-24
6055,-23
6056,-25
6057,-29
6058,-26
6059,-24
6060,-23
6061,-19
6062,-20
6063,-23
6064,-25
6065,-26
6066,-26
6067,-27
6068,-22
6069,-20
6070,-23
6071,-22
6072,-22
6073,-24
6074,-26
6075,-26
6076,-26
6077,-30
6078,-29
6079,-20
6080,-20
6081,-19
6082,-22
6083,-26
6084,-28
6085,-30
6086,-28
6087,-30
6088,-28
6089,-27
6090,-24
6091,-23
6092,-23
6093,-23
6094,-27
6095,-30
6096,-30
6097,-33
6098,-30
6099,-29
6100,-25
6101,-25
6102,-27
6103,-31
6104,-32
6105,-32
6106,-31
6107,-32
6108,-28
6109,-26
6110,-27
6111,-24
6112,-27
6113,-31
6114,-28
6115,-29
6116,-33
6117,-32
6118,-30
6119,-28
6120,-25
6121,-28
6122,-26
6123,-30
6124,-28
6125,-28
6126,-30
6127,-28
6128,-25
6129,-24
6130,-21
6131,-19
6132,-19
6133,-24
6134,-27
6135,-27
6136,-29
6137,-29
6138,-25
6139,-22
6140,-23
6141,-18
6142,-14
6143,-19
6144,-18
6145,-19
6146,-22
6147,-19
6148,-19
6149,-17
6150,-17
6151,-14
6152,-13
6153,-19
6154,-21
6155,-24
6156,-25
6157,-22
6158,-23
6159,-22
6160,-23
6161,-27
6162,-28
6163,-30
6164,-31
6165,-34
6166,-33
6167,-29
6168,-27
6169,-29
6170,-28
6171,-26
6172,-30
6173,-34
6174,-36
6175,-39
6176,-41
6177,-37
6178,-34
6179,-30
6180,-29
6181,-32
6182,-33
6183,-34
6184,-35
6185,-38
6186,-39
6187,-37
6188,-37
6189,-34
6190,-34
6191,-33
6192,-33
6193,-36
6194,-39
6195,-38
6196,-39
6197,-37
6198,-35
6199,-34
6200,-33
6201,-33
6202,-35
6203,-36
6204,-38
6205,-40
6206,-42
6207,-38
6208,-42
6209,-43
6210,-39
6211,-41
6212,-41
6213,-36
6214,-30
6215,-22
6216,-10
6217,1
6218,9
6219,20
6220,35
6221,55
6222,70
6223,87
6224,84
6225,76
6226,63
6227,51
6228,41
6229,30
6230,14
6231,-4
6232,-26
6233,-46
6234,-63
6235,-66
6236,-59
6237,-52
6238,-44
6239,-38
6240,-33
6241,-34
6242,-34
6243,-34
6244,-35
6245,-35
6246,-36
6247,-31
6248,-28
6249,-27
6250,-28
6251,-32
6252,-30
6253,-32
6254,-33
6255,-34
6256,-33
6257,-30
6258,-29
6259,-27
6260,-25
6261,-26
6262,-27
6263,-31
6264,-32
6265,-33
6266,-30
6267,-28
6268,-26
6269,-25
6270,-22
6271,-22
6272,-23
6273,-28
6274,-29
6275,-28
6276,-27
6277,-25
6278,-24
6279,-24
6280,-21
6281,-22
6282,-24
6283,-24
6284,-25
6285,-24
6286,-24
6287,-23
6288,-21
6289,-18
6290,-17
6291,-19
6292,-20
6293,-19
6294,-20
6295,-21
6296,-15
6297,-16
6298,-13
6299,-13
6300,-10
6301,-13
6302,-13
6303,-14
6304,-11
6305,-15
6306,-13
6307,-11
6308,-9
6309,-8
6310,-5
6311,-5
6312,-5
6313,-5
6314,-6
6315,-5
6316,-3
6317,1
6318,1
6319,3
6320,3
6321,5
6322,3
6323,4
6324,6
6325,2
6326,7
6327,9
6328,12
6329,14
6330,16
6331,14
6332,14
6333,14
6334,13
6335,7
6336,12
6337,13
6338,15
6339,12
6340,18
6341,14
6342,10
6343,9
6344,8
6345,8
6346,8
6347,10
6348,6
6349,6
6350,5
6351,1
6352,-5
6353,-7
6354,-9
6355,-12
6356,-13
6357,-12
6358,-14
6359,-14
6360,-13
6361,-18
6362,-21
6363,-23
6364,-25
6365,-27
6366,-26
6367,-26
6368,-25
6369,-24
6370,-25
6371,-29
6372,-29
6373,-31
6374,-32
6375,-33
6376,-32
6377,-29
6378,-28
6379,-27
6380,-27
6381,-29
6382,-30
6383,-32
6384,-34
6385,-34
6386,-31
6387,-30
6388,-28
6389,-27
6390,-28
6391,-29
6392,-33
6393,-32
6394,-33
6395,-32
6396,-30
6397,-28
6398,-28
6399,-28
6400,-29
6401,-31
6402,-34
6403,-36
6404,-36
6405,-33
6406,-31
6407,-30
6408,-26
6409,-24
6410,-28
6411,-28
6412,-27
6413,-29
6414,-31
6415,-30
6416,-30
6417,-30
6418,-30
6419,-26
6420,-27
6421,-26
6422,-30
6423,-30
6424,-28
6425,-29
6426,-25
6427,-24
6428,-24
6429,-24
6430,-26
6431,-25
6432,-28
6433,-31
6434,-30
6435,-31
6436,-26
6437,-24
6438,-22
6439,-22
6440,-26
6441,-28
6442,-30
6443,-32
6444,-32
6445,-30
6446,-29
6447,-26
6448,-24
6449,-23
6450,-26
6451,-28
6452,-30
6453,-31
6454,-31
6455,-28
6456,-28
6457,-25
6458,-20
6459,-22
6460,-26
6461,-29
6462,-31
6463,-32
6464,-33
6465,-32
6466,-30
6467,-29
6468,-25
6469,-27
6470,-30
6471,-32
6472,-31
6473,-32
6474,-31
6475,-26
6476,-27
6477,-26
6478,-24
6479,-22
6480,-24
6481,-27
6482,-30
6483,-28
6484,-31
6485,-30
6486,-25
6487,-25
6488,-21
6489,-22
6490,-24
6491,-24
6492,-25
6493,-26
6494,-28
6495,-24
6496,-23
6497,-23
6498,-20
6499,-21
6500,-25
6501,-27
6502,-25
6503,-24
6504,-21
6505,-18
6506,-17
6507,-13
6508,-15
6509,-16
6510,-16
6511,-17
6512,-18
6513,-19
6514,-21
6515,-17
6516,-16
6517,-17
6518,-16
6519,-16
6520,-21
6521,-24
6522,-25
6523,-29
6524,-33
6525,-33
6526,-30
6527,-30
6528,-29
6529,-27
6530,-31
6531,-32
6532,-33
6533,-32
6534,-34
6535,-33
6536,-31
6537,-32
6538,-28
6539,-31
6540,-36
6541,-37
6542,-36
6543,-38
6544,-38
6545,-35
6546,-32
6547,-31
6548,-30
6549,-28
6550,-32
6551,-34
6552,-36
6553,-39
6554,-40
6555,-34
6556,-32
6557,-32
6558,-32
6559,-32
6560,-33
6561,-34
6562,-37
6563,-36
6564,-34
6565,-31
6566,-30
6567,-32
6568,-35
6569,-37
6570,-40
6571,-41
6572,-46
6573,-50
6574,-48
6575,-43
6576,-31
6577,-22
6578,-9
6579,-4
6580,7
6581,19
6582,32
6583,47
6584,70
6585,94
6586,113
6587,113
6588,104
6589,90
6590,73
6591,54
6592,35
6593,17
6594,-7
6595,-28
6596,-50
6597,-56
6598,-52
6599,-48
6600,-45
6601,-41
6602,-38
6603,-34
6604,-31
6605,-29
6606,-26
6607,-25
6608,-27
6609,-26
6610,-29
6611,-32
6612,-34
6613,-33
6614,-30
6615,-27
6616,-27
6617,-26
6618,-26
6619,-27
6620,-28
6621,-29
6622,-30
6623,-31
6624,-27
6625,-23
6626,-24
6627,-24
6628,-25
6629,-26
6630,-26
6631,-25
6632,-25
6633,-26
6634,-22
6635,-21
6636,-21
6637,-18
6638,-15
6639,-18
6640,-20
6641,-20
6642,-21
6643,-23
6644,-20
6645,-19
6646,-19
6647,-16
6648,-14
6649,-17
6650,-18
6651,-19
6652,-18
6653,-18
6654,-17
6655,-14
6656,-11
6657,-10
6658,-8
6659,-12
6660,-14
6661,-15
6662,-14
6663,-13
6664,-10
6665,-10
6666,-7
6667,-7
6668,-4
6669,-7
6670,-7
6671,-6
6672,-4
6673,-3
6674,-3
6675,1
6676,3
6677,7
6678,10
6679,8
6680,2
6681,7
6682,9
6683,9
6684,13
6685,15
6686,17
6687,20
6688,20
6689,20
6690,19
6691,18
6692,17
6693,18
6694,22
6695,24
6696,23
6697,26
6698,26
6699,23
6700,22
6701,22
6702,19
6703,19
6704,19
6705,22
6706,25
6707,29
6708,29
6709,25
6710,27
6711,24
6712,23
6713,25
6714,24
6715,26
6716,24
6717,23
6718,25
6719,21
6720,14
6721,15
6722,12
6723,11
6724,10
6725,13
6726,12
6727,13
6728,13
6729,9
6730,7
6731,2
6732,2
6733,2
6734,6
6735,5
6736,6
6737,7
6738,6
6739,3
6740,0
6741,1
6742,-1
6743,-2
6744,3
6745,4
6746,3
6747,3
6748,3
6749,0
6750,-2
6751,-5
6752,-2
6753,2
6754,2
6755,4
6756,4
6757,4
6758,5
6759,4
6760,-2
6761,-4
6762,-3
6763,-2
6764,0
6765,2
6766,1
6767,6
6768,4
6769,2
6770,-3
6771,-4
6772,-1
6773,0
6774,3
6775,2
6776,6
6777,5
6778,4
6779,1
6780,0
6781,-2
6782,-2
6783,2
6784,3
6785,3
6786,5
6787,5
6788,3
6789,0
6790,-2
6791,-3
6792,-2
6793,-1
6794,1
6795,2
6796,4
6797,5
6798,2
6799,-1
6800,-3
6801,-7
6802,-5
6803,-2
6804,1
6805,1
6806,0
6807,1
6808,-3
6809,-5
6810,-4
6811,-6
6812,-7
6813,-3
6814,-2
6815,-2
6816,-1
6817,2
6818,-2
6819,-6
6820,-9
6821,-11
6822,-7
6823,-12
6824,-8
6825,-6
6826,-7
6827,-7
6828,-9
6829,-12
6830,-14
6831,-15
6832,-14
6833,-11
6834,-8
6835,-8
6836,-7
6837,-7
6838,-10
6839,-14
6840,-15
6841,-15
6842,-19
6843,-15
6844,-12
6845,-12
6846,-12
6847,-12
6848,-15
6849,-18
6850,-19
6851,-21
6852,-20
6853,-16
6854,-15
6855,-14
6856,-11
6857,-10
6858,-13
6859,-16
6860,-17
6861,-18
6862,-19
6863,-15
6864,-12
6865,-10
6866,-9
6867,-9
6868,-13
6869,-16
6870,-17
6871,-17
6872,-17
6873,-16
6874,-12
6875,-10
6876,-10
6877,-9
6878,-9
6879,-11
6880,-11
6881,-12
6882,-10
6883,-7
6884,-5
6885,-5
6886,-4
6887,-7
6888,-8
6889,-11
6890,-16
6891,-18
6892,-18
6893,-17
6894,-18
6895,-21
6896,-22
6897,-24
6898,-24
6899,-29
6900,-28
6901,-29
6902,-27
6903,-24
6904,-22
6905,-20
6906,-22
6907,-23
6908,-24
6909,-28
6910,-30
6911,-33
6912,-31
6913,-28
6914,-27
6915,-24
6916,-25
6917,-27
6918,-29
6919,-33
6920,-33
6921,-32
6922,-29
6923,-29
6924,-28
6925,-24
6926,-22
6927,-23
6928,-26
6929,-29
6930,-30
6931,-32
6932,-31
6933,-27
6934,-29
6935,-25
6936,-24
6937,-30
6938,-34
6939,-36
6940,-36
6941,-37
6942,-35
6943,-35
6944,-39
6945,-36
6946,-33
6947,-31
6948,-25
6949,-15
6950,-5
6951,5
6952,22
6953,41
6954,59
6955,84
6956,109
6957,126
6958,120
6959,114
6960,97
6961,84
6962,71
6963,53
6964,36
6965,10
6966,-16
6967,-41
6968,-53
6969,-53
6970,-51
6971,-48
6972,-40
6973,-33
6974,-30
6975,-24
6976,-23
6977,-22
6978,-26
6979,-27
6980,-26
6981,-27
6982,-25
6983,-23
6984,-23
6985,-23
6986,-21
6987,-22
6988,-24
6989,-26
6990,-25
6991,-27
6992,-24
6993,-24
6994,-20
6995,-20
6996,-22
6997,-20
6998,-25
6999,-25
7000,-25
7001,-24
7002,-21
7003,-20
7004,-18
7005,-16
7006,-19
7007,-19
7008,-21
7009,-21
7010,-23
7011,-23
7012,-20
7013,-19
7014,-16
7015,-13
7016,-13
7017,-16
7018,-18
7019,-19
7020,-21
7021,-20
7022,-16
7023,-15
7024,-12
7025,-10
7026,-11
7027,-13
7028,-17
7029,-16
7030,-19
7031,-14
7032,-8
7033,-7
7034,-6
7035,-5
7036,-7
7037,-7
7038,-8
7039,-7
7040,-9
7041,-6
7042,-2
7043,1
7044,2
7045,6
7046,7
7047,5
7048,4
7049,4
7050,6
7051,8
7052,13
7053,14
7054,14
7055,15
7056,14
7057,12
7058,12
7059,13
7060,13
7061,14
7062,19
7063,22
7064,22
7065,24
7066,22
7067,20
7068,17
7069,18
7070,17
7071,18
7072,21
7073,22
7074,22
7075,23
7076,23
7077,20
7078,17
7079,12
7080,12
7081,10
7082,11
7083,11
7084,6
7085,5
7086,6
7087,1
7088,1
7089,-3
7090,-6
7091,-5
7092,-3
7093,-4
7094,-6
7095,-6
7096,-12
7097,-15
7098,-16
7099,-20
7100,-19
7101,-20
7102,-19
7103,-19
7104,-21
7105,-21
7106,-23
7107,-27
7108,-28
7109,-29
7110,-28
7111,-27
7112,-25
7113,-23
7114,-23
7115,-23
7116,-25
7117,-27
7118,-27
7119,-30
7120,-30
7121,-26
7122,-23
7123,-24
7124,-22
7125,-24
7126,-27
7127,-30
7128,-31
7129,-31
7130,-29
7131,-27
7132,-26
7133,-25
7134,-22
7135,-22
7136,-23
7137,-25
7138,-26
7139,-28
7140,-29
7141,-28
7142,-26
7143,-25
7144,-24
7145,-23
7146,-26
7147,-24
7148,-25
7149,-27
7150,-28
7151,-27
7152,-24
7153,-23
7154,-22
7155,-23
7156,-27
7157,-28
7158,-29
7159,-29
7160,-27
7161,-23
7162,-23
7163,-21
7164,-22
7165,-24
7166,-25
7167,-27
7168,-28
7169,-32
7170,-30
7171,-26
7172,-24
7173,-22
7174,-23
7175,-26
7176,-29
7177,-26
7178,-30
7179,-32
7180,-29
7181,-27
7182,-24
7183,-25
7184,-27
7185,-27
7186,-30
7187,-29
7188,-33
7189,-33
7190,-34
7191,-29
7192,-24
7193,-26
7194,-25
7195,-28
7196,-30
7197,-32
7198,-31
7199,-30
7200,-31
7201,-28
7202,-27
7203,-28
7204,-27
7205,-30
7206,-31
7207,-33
7208,-32
7209,-35
7210,-34
7211,-33
7212,-31
7213,-28
7214,-28
7215,-31
7216,-33
7217,-32
7218,-32
7219,-35
7220,-31
7221,-32
7222,-29
7223,-27
7224,-28
7225,-31
7226,-31
7227,-32
7228,-33
7229,-35
7230,-33
7231,-31
7232,-28
7233,-25
7234,-26
7235,-28
7236,-30
7237,-31
7238,-32
7239,-36
7240,-33
7241,-31
7242,-28
7243,-28
7244,-28
7245,-30
7246,-30
7247,-27
7248,-27
7249,-32
7250,-27
7251,-25
7252,-24
7253,-20
7254,-19
7255,-22
7256,-27
7257,-27
7258,-26
7259,-25
7260,-25
7261,-23
7262,-22
7263,-22
7264,-18
7265,-20
7266,-23
7267,-22
7268,-21
7269,-20
7270,-20
7271,-18
7272,-18
7273,-15
7274,-16
7275,-14
7276,-19
7277,-21
7278,-23
7279,-25
7280,-23
7281,-23
7282,-20
7283,-18
7284,-24
7285,-30
7286,-31
7287,-34
7288,-32
7289,-33
7290,-32
7291,-27
7292,-26
7293,-25
7294,-28
7295,-30
7296,-33
7297,-34
7298,-36
7299,-36
7300,-31
7301,-30
7302,-33
7303,-31
7304,-32
7305,-32
7306,-33
7307,-37
7308,-34
7309,-37
7310,-33
7311,-29
7312,-28
7313,-26
7314,-29
7315,-34
7316,-39
7317,-39
7318,-40
7319,-41
7320,-35
7321,-33
7322,-32
7323,-32
7324,-34
7325,-35
7326,-37
7327,-39
7328,-41
7329,-43
7330,-41
7331,-38
7332,-40
7333,-40
7334,-39
7335,-38
7336,-34
7337,-25
7338,-13
7339,-2
7340,15
7341,29
7342,43
7343,64
7344,89
7345,107
7346,110
7347,108
7348,96
7349,86
7350,73
7351,57
7352,39
7353,22
7354,-5
7355,-31
7356,-49
7357,-60
7358,-58
7359,-52
7360,-45
7361,-40
7362,-36
7363,-30
7364,-30
7365,-29
7366,-29
7367,-28
7368,-28
7369,-26
7370,-25
7371,-24
7372,-27
7373,-23
7374,-23
7375,-27
7376,-30
7377,-29
7378,-31
7379,-28
7380,-22
7381,-23
7382,-21
7383,-21
7384,-22
7385,-22
7386,-21
7387,-22
7388,-26
7389,-25
7390,-23
7391,-20
7392,-20
7393,-20
7394,-21
7395,-22
7396,-24
7397,-24
7398,-25
7399,-19
7400,-16
7401,-17
7402,-16
7403,-15
7404,-15
7405,-17
7406,-18
7407,-18
7408,-17
7409,-14
7410,-12
7411,-11
7412,-11
7413,-9
7414,-10
7415,-13
7416,-11
7417,-16
7418,-15
7419,-10
7420,-8
7421,-8
7422,-7
7423,-8
7424,-9
7425,-9
7426,-6
7427,-8
7428,-4
7429,-2
7430,0
7431,0
7432,1
7433,1
7434,-1
7435,-1
7436,1
7437,-1
7438,0
7439,5
7440,7
7441,11
7442,14
7443,18
7444,16
7445,14
7446,13
7447,11
7448,14
7449,14
7450,18
7451,22
7452,24
7453,24
7454,23
7455,22
7456,23
7457,19
7458,20
7459,24
7460,23
7461,24
7462,23
7463,19
7464,17
7465,16
7466,14
7467,13
7468,11
7469,11
7470,12
7471,11
7472,10
7473,10
7474,5
7475,-1
7476,-4
7477,-6
7478,-7
7479,-6
7480,-4
7481,-4
7482,-4
7483,-9
7484,-12
7485,-14
7486,-14
7487,-19
7488,-17
7489,-17
7490,-16
7491,-16
7492,-15
7493,-18
7494,-21
7495,-23
7496,-22
7497,-23
7498,-23
7499,-26
7500,-27
7501,-27
7502,-27
7503,-28
7504,-28
7505,-28
7506,-28
7507,-29
7508,-28
7509,-25
7510,-24
7511,-24
7512,-23
7513,-24
7514,-27
7515,-26
7516,-28
7517,-30
7518,-32
7519,-24
7520,-23
7521,-22
7522,-21
7523,-24
7524,-23
7525,-26
7526,-29
7527,-27
7528,-22
7529,-19
7530,-22
7531,-23
7532,-22
7533,-22
7534,-24
7535,-25
7536,-25
7537,-26
7538,-27
7539,-24
7540,-22
7541,-20
7542,-19
7543,-21
7544,-22
7545,-21
7546,-22
7547,-23
7548,-22
7549,-20
7550,-20
7551,-22
7552,-22
7553,-22
7554,-21
7555,-22
7556,-24
7557,-27
7558,-25
7559,-20
7560,-18
7561,-17
7562,-18
7563,-20
7564,-22
7565,-22
7566,-22
7567,-23
7568,-25
7569,-22
7570,-21
7571,-20
7572,-18
7573,-21
7574,-23
7575,-24
7576,-25
7577,-24
7578,-22
7579,-20
7580,-20
7581,-17
7582,-18
7583,-20
7584,-23
7585,-23
7586,-27
7587,-25
7588,-22
7589,-20
7590,-19
7591,-18
7592,-18
7593,-14
7594,-13
7595,-13
7596,-14
7597,-11
7598,-6
7599,-7
7600,-4
7601,-2
7602,-2
7603,-3
7604,-4
7605,-5
7606,-7
7607,-4
7608,-3
7609,-2
7610,-2
7611,2
7612,4
7613,3
7614,-2
7615,-5
7616,-4
7617,-3
7618,1
7619,1
7620,2
7621,4
7622,5
7623,2
7624,-1
7625,-2
7626,-4
7627,-4
7628,1
7629,3
7630,2
7631,5
7632,6
7633,1
7634,0
7635,1
7636,1
7637,3
7638,5
7639,4
7640,7
7641,9
7642,8
7643,3
7644,0
7645,-1
7646,-3
7647,-1
7648,7
7649,8
7650,11
7651,14
7652,17
7653,11
7654,9
7655,8
7656,4
7657,3
7658,8
7659,12
7660,12
7661,13
7662,13
7663,11
7664,11
7665,8
7666,6
7667,5
7668,5
7669,4
7670,5
7671,4
7672,0
7673,-4
7674,-6
7675,-8
7676,-8
7677,-6
7678,-2
7679,-1
7680,2
7681,1
7682,1
7683,-2
7684,-6
7685,-8
7686,-9
7687,-9
7688,-9
7689,-9
7690,-3
7691,-1
7692,-6
7693,-9
7694,-12
7695,-13
7696,-12
7697,-11
7698,-9
7699,-6
7700,-7
7701,-7
7702,-9
7703,-9
7704,-10
7705,-10
7706,-12
7707,-13
7708,-8
7709,-9
7710,-8
7711,-6
7712,-10
7713,-12
7714,-15
7715,-19
7716,-19
7717,-16
7718,-16
7719,-15
7720,-18
7721,-19
7722,-19
7723,-15
7724,-7
7725,2
7726,13
7727,21
7728,38
7729,52
7730,76
7731,96
7732,119
7733,127
7734,126
7735,123
7736,112
7737,102
7738,86
7739,67
7740,50
7741,25
7742,-5
7743,-27
7744,-40
7745,-44
7746,-39
7747,-33
7748,-25
7749,-19
7750,-14
7751,-11
7752,-10
7753,-10
7754,-14
7755,-15
7756,-16
7757,-15
7758,-14
7759,-11
7760,-11
7761,-12
7762,-14
7763,-14
7764,-12
7765,-15
7766,-16
7767,-12
7768,-10
7769,-11
7770,-9
7771,-10
7772,-14
7773,-17
7774,-16
7775,-17
7776,-16
7777,-13
7778,-7
7779,-8
7780,-8
7781,-11
7782,-13
7783,-11
7784,-14
7785,-16
7786,-13
7787,-10
7788,-8
7789,-8
7790,-3
7791,-4
7792,-7
7793,-9
7794,-10
7795,-10
7796,-7
7797,-7
7798,-6
7799,-7
7800,-2
7801,-4
7802,-8
7803,-9
7804,-10
7805,-10
7806,-8
7807,-5
7808,-1
7809,-1
7810,1
7811,-1
7812,-1
7813,-3
7814,-4
7815,-3
7816,-1
7817,1
7818,2
7819,6
7820,9
7821,9
7822,8
7823,6
7824,9
7825,7
7826,11
7827,15
7828,17
7829,18
7830,21
7831,20
7832,17
7833,17
7834,19
7835,19
7836,21
7837,24
7838,25
7839,26
7840,29
7841,29
7842,28
7843,27
7844,26
7845,24
7846,26
7847,27
7848,25
7849,25
7850,24
7851,23
7852,22
7853,19
7854,18
7855,17
7856,19
7857,16
7858,16
7859,15
7860,14
7861,8
7862,5
7863,0
7864,-1
7865,-2
7866,-3
7867,-5
7868,-4
7869,-4
7870,-4
7871,-9
7872,-14
7873,-14
7874,-17
7875,-17
7876,-18
7877,-17
7878,-16
7879,-14
7880,-15
7881,-18
7882,-23
7883,-27
7884,-28
7885,-30
7886,-26
7887,-23
7888,-25
7889,-21
7890,-22
7891,-23
7892,-25
7893,-26
7894,-29
7895,-29
7896,-28
7897,-27
7898,-24
7899,-23
7900,-22
7901,-22
7902,-26
7903,-26
7904,-27
7905,-28
7906,-25
7907,-23
7908,-23
7909,-22
7910,-25
7911,-27
7912,-28
7913,-25
7914,-27
7915,-27
7916,-24
7917,-21
7918,-22
7919,-22
7920,-23
7921,-25
7922,-26
7923,-27
7924,-27
7925,-25
7926,-24
7927,-20
7928,-21
7929,-20
7930,-22
7931,-24
7932,-27
7933,-26
7934,-25
7935,-25
7936,-24
7937,-20
7938,-22
7939,-20
7940,-21
7941,-26
7942,-26
7943,-27
7944,-27
7945,-24
7946,-22
7947,-21
7948,-21
7949,-20
7950,-23
7951,-24
7952,-26
7953,-27
7954,-28
7955,-26
7956,-25
7957,-24
7958,-26
7959,-23
7960,-26
7961,-29
7962,-27
7963,-30
7964,-31
7965,-30
7966,-27
7967,-25
7968,-23
7969,-21
7970,-24
7971,-27
7972,-30
7973,-32
7974,-32
7975,-30
7976,-28
7977,-28
7978,-26
7979,-24
7980,-25
7981,-27
7982,-27
7983,-29
7984,-33
7985,-30
7986,-29
7987,-29
7988,-27
7989,-27
7990,-30
7991,-31
7992,-31
7993,-33
7994,-34
7995,-33
7996,-30
7997,-28
7998,-28
7999,-28
8000,-30
8001,-32
8002,-35
8003,-35
8004,-36
8005,-33
8006,-31
8007,-30
8008,-26
8009,-26
8010,-30
8011,-30
8012,-33
8013,-34
8014,-34
8015,-32
8016,-29
8017,-30
8018,-29
8019,-26
8020,-28
8021,-31
8022,-31
8023,-32
8024,-35
8025,-33
8026,-30
8027,-31
8028,-30
8029,-28
8030,-29
8031,-31
8032,-29
8033,-32
8034,-30
8035,-27
8036,-26
8037,-24
8038,-24
8039,-24
8040,-26
8041,-30
8042,-31
8043,-30
8044,-29
8045,-27
8046,-23
8047,-24
8048,-24
8049,-22
8050,-22
8051,-23
8052,-22
8053,-23
8054,-21
8055,-18
8056,-18
8057,-18
8058,-16
8059,-17
8060,-19
8061,-22
8062,-21
8063,-21
8064,-18
8065,-18
8066,-17
8067,-17
8068,-19
8069,-23
8070,-25
8071,-28
8072,-28
8073,-31
8074,-31
8075,-31
8076,-30
8077,-31
8078,-29
8079,-28
8080,-28
8081,-28
8082,-31
8083,-34
8084,-35
8085,-30
8086,-30
8087,-30
8088,-27
8089,-30
8090,-32
8091,-35
8092,-37
8093,-39
8094,-37
8095,-37
8096,-33
8097,-32
8098,-33
8099,-35
8100,-35
8101,-38
8102,-37
8103,-36
8104,-35
8105,-32
8106,-32
8107,-29
8108,-27
8109,-32
8110,-35
8111,-39
8112,-41
8113,-40
8114,-39
8115,-37
8116,-37
8117,-37
8118,-35
8119,-38
8120,-43
8121,-44
8122,-47
8123,-46
8124,-39
8125,-28
8126,-15
8127,-3
8128,7
8129,19
8130,29
8131,45
8132,64
8133,86
8134,109
8135,116
8136,115
8137,107
8138,93
8139,76
8140,57
8141,40
8142,15
8143,-11
8144,-33
8145,-48
8146,-52
8147,-50
8148,-43
8149,-42
8150,-38
8151,-36
8152,-34
8153,-35
8154,-31
8155,-25
8156,-23
8157,-27
8158,-28
8159,-29
8160,-31
8161,-30
8162,-32
8163,-33
8164,-30
8165,-28
8166,-25
8167,-25
8168,-26
8169,-26
8170,-27
8171,-30
8172,-29
8173,-31
8174,-27
8175,-25
8176,-25
8177,-22
8178,-25
8179,-25
8180,-26
8181,-26
8182,-24
8183,-25
8184,-22
8185,-20
8186,-21
8187,-19
8188,-21
8189,-22
8190,-24
8191,-23
8192,-25
8193,-24
8194,-22
8195,-21
8196,-17
8197,-16
8198,-17
8199,-19
8200,-21
8201,-21
8202,-20
8203,-20
8204,-16
8205,-16
8206,-14
8207,-13
8208,-11
8209,-13
8210,-17
8211,-18
8212,-18
8213,-16
8214,-12
8215,-7
8216,-7
8217,-6
8218,-6
8219,-9
8220,-8
8221,-9
8222,-10
8223,-7
8224,-5
8225,-3
8226,2
8227,3
8228,4
8229,3
8230,1
8231,3
8232,4
8233,3
8234,12
8235,10
8236,14
8237,14
8238,14
8239,10
8240,10
8241,15
8242,15
8243,18
8244,18
8245,20
8246,19
8247,23
8248,21
8249,20
8250,16
8251,18
8252,15
8253,16
8254,15
8255,17
8256,17
8257,16
8258,13
8259,10
8260,6
8261,2
8262,1
8263,-1
8264,1
8265,-1
8266,-1
8267,-2
8268,-6
8269,-9
8270,-12
8271,-15
8272,-18
8273,-17
8274,-17
8275,-16
8276,-17
8277,-16
8278,-18
8279,-21
8280,-23
8281,-26
8282,-30
8283,-28
8284,-26
8285,-24
8286,-21
8287,-21
8288,-24
8289,-25
8290,-27
8291,-29
8292,-30
8293,-30
8294,-27
8295,-26
8296,-25
8297,-25
8298,-27
8299,-30
8300,-31
8301,-32
8302,-32
8303,-27
8304,-26
8305,-26
8306,-26
8307,-28
8308,-29
8309,-30
8310,-30
8311,-31
8312,-31
8313,-28
8314,-28
8315,-26
8316,-27
8317,-27
8318,-28
8319,-27
8320,-27
8321,-31
8322,-29
8323,-25
8324,-25
8325,-25
8326,-21
8327,-23
8328,-25
8329,-24
8330,-26
8331,-27
8332,-28
8333,-24
8334,-21
8335,-21
8336,-19
8337,-21
8338,-24
8339,-27
8340,-29
8341,-30
8342,-28
8343,-25
8344,-24
8345,-23
8346,-21
8347,-24
8348,-25
8349,-26
8350,-28
8351,-29
8352,-26
8353,-23
8354,-23
8355,-24
8356,-22
8357,-24
8358,-23
8359,-26
8360,-28
8361,-30
8362,-28
8363,-25
8364,-25
8365,-22
8366,-22
8367,-23
8368,-25
8369,-26
8370,-29
8371,-31
8372,-29
8373,-27
8374,-27
8375,-25
8376,-23
8377,-24
8378,-26
8379,-28
8380,-29
8381,-31
8382,-30
8383,-29
8384,-27
8385,-26
8386,-24
8387,-27
8388,-30
8389,-29
8390,-28
8391,-31
8392,-28
8393,-25
8394,-24
8395,-24
8396,-24
8397,-27
8398,-30
8399,-30
8400,-29
8401,-32
8402,-31
8403,-30
8404,-28
8405,-28
8406,-25
8407,-25
8408,-26
8409,-28
8410,-30
8411,-30
8412,-30
8413,-29
8414,-28
8415,-26
8416,-25
8417,-26
8418,-29
8419,-29
8420,-31
8421,-34
8422,-30
8423,-28
8424,-27
8425,-25
8426,-25
8427,-29
8428,-27
8429,-31
8430,-31
8431,-34
8432,-31
8433,-27
8434,-24
8435,-25
8436,-23
8437,-27
8438,-31
8439,-31
8440,-31
8441,-31
8442,-27
8443,-26
8444,-22
8445,-18
8446,-17
8447,-20
8448,-26
8449,-27
8450,-25
8451,-25
8452,-22
8453,-21
8454,-21
8455,-21
8456,-23
8457,-23
8458,-24
8459,-22
8460,-21
8461,-19
8462,-16
8463,-13
8464,-12
8465,-13
8466,-13
8467,-14
8468,-15
8469,-16
8470,-18
8471,-18
8472,-15
8473,-15
8474,-15
8475,-14
8476,-16
8477,-19
8478,-22
8479,-24
8480,-28
8481,-29
8482,-26
8483,-25
8484,-24
8485,-22
8486,-23
8487,-23
8488,-27
8489,-28
8490,-30
8491,-31
8492,-29
8493,-25
8494,-23
8495,-23
8496,-25
8497,-29
8498,-29
8499,-29
8500,-33
8501,-34
8502,-30
8503,-27
8504,-24
8505,-26
8506,-27
8507,-30
8508,-34
8509,-34
8510,-34
8511,-34
8512,-32
8513,-28
8514,-25
8515,-23
8516,-27
8517,-30
8518,-31
8519,-34
8520,-34
8521,-34
8522,-31
8523,-31
8524,-30
8525,-31
8526,-33
8527,-36
8528,-38
8529,-42
8530,-44
8531,-40
8532,-37
8533,-26
8534,-12
8535,-1
8536,7
8537,17
8538,30
8539,39
8540,58
8541,81
8542,109
8543,128
8544,123
8545,124
8546,108
8547,94
8548,75
8549,56
8550,37
8551,15
8552,-8
8553,-31
8554,-38
8555,-40
8556,-39
8557,-42
8558,-39
8559,-35
8560,-30
8561,-27
8562,-23
8563,-19
8564,-20
8565,-19
8566,-22
8567,-25
8568,-28
8569,-29
8570,-29
8571,-27
8572,-23
8573,-24
8574,-21
8575,-18
8576,-21
8577,-23
8578,-25
8579,-26
8580,-26
8581,-23
8582,-21
8583,-19
8584,-16
8585,-16
8586,-17
8587,-18
8588,-18
8589,-19
8590,-23
8591,-22
8592,-22
8593,-19
8594,-18
8595,-18
8596,-18
8597,-20
8598,-20
8599,-22
8600,-21
8601,-18
8602,-14
8603,-13
8604,-12
8605,-10
8606,-11
8607,-13
8608,-14
8609,-16
8610,-17
8611,-17
8612,-12
8613,-10
8614,-11
8615,-10
8616,-13
8617,-10
8618,-12
8619,-15
8620,-13
8621,-9
8622,-6
8623,-5
8624,-2
8625,-4
8626,-5
8627,-6
8628,-6
8629,-7
8630,-5
8631,0
8632,3
8633,4
8634,9
8635,9
8636,8
8637,8
8638,8
8639,10
8640,10
8641,11
8642,15
8643,19
8644,22
8645,22
8646,20
8647,21
8648,22
8649,22
8650,23
8651,24
8652,25
8653,29
8654,29
8655,30
8656,28
8657,25
8658,25
8659,25
8660,24
8661,25
8662,26
8663,26
8664,27
8665,26
8666,22
8667,19
8668,16
8669,13
8670,10
8671,13
8672,11
8673,10
8674,11
8675,9
8676,3
8677,1
8678,-5
8679,-8
8680,-4
8681,-2
8682,-4
8683,-6
8684,-6
8685,-8
8686,-10
8687,-13
8688,-13
8689,-16
8690,-14
8691,-17
8692,-17
8693,-16
8694,-16
8695,-16
8696,-18
8697,-21
8698,-21
8699,-21
8700,-20
8701,-17
8702,-15
8703,-15
8704,-17
8705,-17
8706,-21
8707,-21
8708,-23
8709,-26
8710,-24
8711,-19
8712,-17
8713,-16
8714,-15
8715,-17
8716,-19
8717,-21
8718,-21
8719,-24
8720,-17
8721,-16
8722,-15
8723,-15
8724,-16
8725,-18
8726,-19
8727,-19
8728,-19
8729,-21
8730,-18
8731,-15
8732,-15
8733,-16
8734,-15
8735,-18
8736,-19
8737,-22
8738,-22
8739,-20
8740,-15
8741,-14
8742,-12
8743,-10
8744,-11
8745,-14
8746,-15
8747,-16
8748,-16
8749,-15
8750,-15
8751,-14
8752,-10
8753,-9
8754,-7
8755,-11
8756,-13
8757,-13
8758,-14
8759,-14
8760,-13
8761,-11
8762,-8
8763,-6
8764,-6
8765,-9
8766,-11
8767,-13
8768,-12
8769,-9
8770,-8
8771,-7
8772,-7
8773,-7
8774,-4
8775,-8
8776,-9
8777,-11
8778,-14
8779,-13
8780,-11
8781,-8
8782,-3
8783,-8
8784,-9
8785,-9
8786,-11
8787,-13
8788,-14
8789,-13
8790,-10
8791,-7
8792,-7
8793,-7
8794,-7
8795,-10
8796,-12
8797,-11
8798,-14
8799,-14
8800,-11
8801,-9
8802,-8
8803,-6
8804,-5
8805,-10
8806,-13
8807,-17
8808,-17
8809,-14
8810,-11
8811,-7
8812,-8
8813,-9
8814,-9
8815,-10
8816,-15
8817,-15
8818,-19
8819,-18
8820,-16
8821,-13
8822,-11
8823,-10
8824,-10
8825,-12
8826,-15
8827,-16
8828,-18
8829,-16
8830,-12
8831,-9
8832,-11
8833,-11
8834,-13
8835,-15
8836,-16
8837,-16
8838,-17
8839,-15
8840,-15
8841,-14
8842,-12
8843,-11
8844,-10
8845,-13
8846,-15
8847,-16
8848,-18
8849,-18
8850,-15
8851,-12
8852,-13
8853,-11
8854,-12
8855,-15
8856,-16
8857,-19
8858,-21
8859,-20
8860,-19
8861,-15
8862,-15
8863,-14
8864,-15
8865,-18
8866,-19
8867,-18
8868,-21
8869,-17
8870,-13
8871,-9
8872,-9
8873,-4
8874,-8
8875,-13
8876,-13
8877,-14
8878,-15
8879,-14
8880,-13
8881,-12
8882,-8
8883,-6
8884,-9
8885,-14
8886,-12
8887,-11
8888,-10
8889,-7
8890,-4
8891,-5
8892,-2
8893,-1
8894,-5
8895,-9
8896,-6
8897,-5
8898,-6
8899,-5
8900,-4
8901,-2
8902,-3
8903,-5
8904,-8
8905,-15
8906,-18
8907,-20
8908,-22
8909,-20
8910,-18
8911,-17
8912,-16
8913,-17
8914,-16
8915,-20
8916,-21
8917,-19
8918,-22
8919,-19
8920,-16
8921,-17
8922,-15
8923,-14
8924,-17
8925,-20
8926,-23
8927,-22
8928,-25
8929,-21
8930,-19
8931,-17
8932,-17
8933,-19
8934,-22
8935,-25
8936,-24
8937,-20
8938,-24
8939,-22
8940,-21
8941,-18
8942,-17
8943,-19
8944,-24
8945,-23
8946,-24
8947,-24
8948,-23
8949,-21
8950,-20
8951,-20
8952,-19
8953,-22
8954,-28
8955,-30
8956,-30
8957,-34
8958,-35
8959,-31
8960,-23
8961,-11
8962,0
8963,9
8964,20
8965,31
8966,43
8967,57
8968,77
8969,106
8970,126
8971,133
8972,131
8973,118
8974,101
8975,85
8976,69
8977,50
8978,30
8979,5
8980,-18
8981,-32
8982,-34
8983,-31
8984,-30
8985,-29
8986,-29
8987,-22
8988,-19
8989,-15
8990,-12
8991,-9
8992,-10
8993,-12
8994,-15
8995,-19
8996,-18
8997,-18
8998,-18
8999,-17
9000,-16
9001,-14
9002,-10
9003,-12
9004,-13
9005,-16
9006,-18
9007,-20
9008,-18
9009,-12
9010,-11
9011,-11
9012,-8
9013,-11
9014,-14
9015,-16
9016,-13
9017,-13
9018,-10
9019,-11
9020,-9
9021,-6
9022,-3
9023,-6
9024,-10
9025,-9
9026,-9
9027,-12
9028,-7
9029,-5
9030,-5
9031,-7
9032,-6
9033,-7
9034,-7
9035,-9
9036,-11
9037,-11
9038,-8
9039,-6
9040,-3
9041,-1
9042,2
9043,-1
9044,-2
9045,-1
9046,-2
9047,-3
9048,-3
9049,2
9050,2
9051,6
9052,10
9053,8
9054,4
9055,4
9056,4
9057,3
9058,8
9059,11
9060,14
9061,17
9062,17
9063,16
9064,17
9065,14
9066,15
9067,14
9068,18
9069,21
9070,25
9071,28
9072,27
9073,26
9074,27
9075,27
9076,28
9077,29
9078,31
9079,31
9080,34
9081,36
9082,35
9083,33
9084,31
9085,32
9086,31
9087,30
9088,31
9089,34
9090,34
9091,36
9092,36
9093,31
9094,26
9095,23
9096,22
9097,19
9098,19
9099,20
9100,18
9101,16
9102,15
9103,12
9104,8
9105,10
9106,1
9107,-3
9108,1
9109,1
9110,0
9111,-1
9112,-2
9113,-6
9114,-6
9115,-8
9116,-10
9117,-11
9118,-9
9119,-8
9120,-7
9121,-10
9122,-10
9123,-15
9124,-16
9125,-18
9126,-20
9127,-17
9128,-15
9129,-12
9130,-11
9131,-10
9132,-15
9133,-17
9134,-19
9135,-19
9136,-19
9137,-17
9138,-16
9139,-14
9140,-13
9141,-11
9142,-13
9143,-15
9144,-16
9145,-21
9146,-20
9147,-17
9148,-17
9149,-13
9150,-11
9151,-10
9152,-11
9153,-14
9154,-12
9155,-15
9156,-20
9157,-19
9158,-17
9159,-14
9160,-10
9161,-9
9162,-12
9163,-13
9164,-14
9165,-19
9166,-18
9167,-18
9168,-13
9169,-14
9170,-11
9171,-10
9172,-12
9173,-14
9174,-15
9175,-17
9176,-20
9177,-15
9178,-15
9179,-12
9180,-12
9181,-11
9182,-11
9183,-13
9184,-16
9185,-15
9186,-14
9187,-13
9188,-13
9189,-9
9190,-5
9191,-7
9192,-9
9193,-13
9194,-15
9195,-15
9196,-16
9197,-16
9198,-13
9199,-12
9200,-10
9201,-12
9202,-14
9203,-14
9204,-16
9205,-18
9206,-22
9207,-18
9208,-15
9209,-14
9210,-9
9211,-11
9212,-16
9213,-14
9214,-15
9215,-19
9216,-20
9217,-17
9218,-15
9219,-13
9220,-13
9221,-13
9222,-15
9223,-20
9224,-18
9225,-18
9226,-19
9227,-16
9228,-11
9229,-12
9230,-9
9231,-11
9232,-16
9233,-15
9234,-18
9235,-19
9236,-20
9237,-17
9238,-16
9239,-15
9240,-11
9241,-10
9242,-12
9243,-14
9244,-17
9245,-19
9246,-21
9247,-16
9248,-14
9249,-17
9250,-15
9251,-17
9252,-18
9253,-20
9254,-15
9255,-21
9256,-20
9257,-18
9258,-17
9259,-13
9260,-9
9261,-11
9262,-13
9263,-19
9264,-22
9265,-22
9266,-18
9267,-17
9268,-13
9269,-13
9270,-10
9271,-14
9272,-15
9273,-19
9274,-19
9275,-18
9276,-18
9277,-14
9278,-15
9279,-15
9280,-12
9281,-13
9282,-17
9283,-19
9284,-21
9285,-20
9286,-19
9287,-15
9288,-16
9289,-13
9290,-13
9291,-12
9292,-12
9293,-17
9294,-17
9295,-15
9296,-12
9297,-12
9298,-9
9299,-9
9300,-9
9301,-6
9302,-9
9303,-9
9304,-11
9305,-11
9306,-12
9307,-10
9308,-8
9309,-6
9310,-5
9311,-3
9312,-2
9313,-2
9314,-1
9315,-5
9316,-2
9317,-3
9318,-6
9319,-1
9320,0
9321,-5
9322,-7
9323,-5
9324,-7
9325,-9
9326,-9
9327,-9
9328,-7
9329,-8
9330,-6
9331,-8
9332,-12
9333,-17
9334,-21
9335,-23
9336,-20
9337,-14
9338,-15
9339,-16
9340,-16
9341,-15
9342,-19
9343,-22
9344,-25
9345,-24
9346,-20
9347,-17
9348,-15
9349,-12
9350,-16
9351,-19
9352,-21
9353,-20
9354,-21
9355,-21
9356,-21
9357,-18
9358,-16
9359,-13
9360,-16
9361,-18
9362,-19
9363,-25
9364,-25
9365,-23
9366,-23
9367,-21
9368,-21
9369,-18
9370,-17
9371,-18
9372,-20
9373,-20
9374,-22
9375,-25
9376,-22
9377,-22
9378,-22
9379,-21
9380,-21
9381,-26
9382,-29
9383,-29
9384,-28
9385,-23
9386,-14
9387,-1
9388,11
9389,25
9390,41
9391,48
9392,62
9393,83
9394,101
9395,112
9396,117
9397,113
9398,106
9399,93
9400,76
9401,56
9402,34
9403,9
9404,-16
9405,-33
9406,-40
9407,-40
9408,-34
9409,-32
9410,-31
9411,-26
9412,-21
9413,-18
9414,-18
9415,-16
9416,-11
9417,-9
9418,-11
9419,-10
9420,-14
9421,-12
9422,-14
9423,-15
9424,-18
9425,-17
9426,-11
9427,-9
9428,-8
9429,-4
9430,-6
9431,-10
9432,-10
9433,-11
9434,-13
9435,-10
9436,-9
9437,-9
9438,-6
9439,-4
9440,-4
9441,-6
9442,-11
9443,-11
9444,-9
9445,-8
9446,-7
9447,-3
9448,-3
9449,0
9450,1
9451,-4
9452,-5
9453,-5
9454,-10
9455,-8
9456,-6
9457,-2
9458,0
9459,2
9460,0
9461,0
9462,-1
9463,-4
9464,-6
9465,0
9466,1
9467,4
9468,5
9469,7
9470,8
9471,6
9472,4
9473,2
9474,0
9475,3
9476,6
9477,10
9478,11
9479,12
9480,12
9481,9
9482,10
9483,10
9484,12
9485,14
9486,14
9487,17
9488,20
9489,23
9490,23
9491,17
9492,20
9493,22
9494,23
9495,25
9496,27
9497,32
9498,34
9499,35
9500,36
9501,35
9502,36
9503,31
9504,31
9505,34
9506,36
9507,36
9508,38
9509,41
9510,40
9511,36
9512,33
9513,33
9514,30
9515,33
9516,36
9517,38
9518,36
9519,37
9520,30
9521,26
9522,24
9523,20
9524,16
9525,18
9526,19
9527,16
9528,17
9529,15
9530,14
9531,10
9532,5
9533,-1
9534,1
9535,0
9536,1
9537,-1
9538,-2
9539,-2
9540,-8
9541,-8
9542,-12
9543,-14
9544,-10
9545,-10
9546,-6
9547,-6
9548,-4
9549,-8
9550,-11
9551,-10
9552,-14
9553,-17
9554,-15
9555,-13
9556,-12
9557,-13
9558,-12
9559,-14
9560,-13
9561,-16
9562,-16
9563,-17
9564,-14
9565,-13
9566,-11
9567,-10
9568,-10
9569,-13
9570,-15
9571,-19
9572,-20
9573,-18
9574,-15
9575,-14
9576,-14
9577,-12
9578,-10
9579,-10
9580,-12
9581,-13
9582,-15
9583,-15
9584,-14
9585,-12
9586,-10
9587,-10
9588,-7
9589,-9
9590,-14
9591,-16
9592,-15
9593,-14
9594,-12
9595,-10
9596,-7
9597,-5
9598,-6
9599,-7
9600,-10
9601,-11
9602,-12
9603,-12
9604,-12
9605,-11
9606,-9
9607,-10
9608,-7
9609,-9
9610,-11
9611,-13
9612,-16
9613,-15
9614,-13
9615,-10
9616,-5
9617,-6
9618,-4
9619,-9
9620,-11
9621,-10
9622,-13
9623,-15
9624,-11
9625,-9
9626,-9
9627,-9
9628,-9
9629,-12
9630,-12
9631,-11
9632,-15
9633,-17
9634,-15
9635,-13
9636,-11
9637,-12
9638,-10
9639,-14
9640,-15
9641,-15
9642,-16
9643,-18
9644,-15
9645,-12
9646,-12
9647,-11
9648,-11
9649,-13
9650,-15
9651,-15
9652,-15
9653,-18
9654,-17
9655,-12
9656,-9
9657,-8
9658,-9
9659,-13
9660,-12
9661,-16
9662,-19
9663,-20
9664,-15
9665,-12
9666,-13
9667,-11
9668,-12
9669,-14
9670,-17
9671,-19
9672,-18
9673,-19
9674,-16
9675,-14
9676,-14
9677,-12
9678,-12
9679,-15
9680,-17
9681,-19
9682,-20
9683,-18
9684,-14
9685,-12
9686,-13
9687,-11
9688,-13
9689,-14
9690,-16
9691,-18
9692,-20
9693,-16
9694,-16
9695,-16
9696,-14
9697,-13
9698,-12
9699,-16
9700,-17
9701,-19
9702,-20
9703,-17
9704,-15
9705,-13
9706,-11
9707,-13
9708,-13
9709,-16
9710,-19
9711,-19
9712,-20
9713,-17
9714,-14
9715,-13
9716,-14
9717,-12
9718,-11
9719,-14
9720,-14
9721,-14
9722,-14
9723,-11
9724,-7
9725,-7
9726,-7
9727,-7
9728,-7
9729,-9
9730,-10
9731,-11
9732,-13
9733,-12
9734,-9
9735,-10
9736,-6
9737,-3
9738,-4
9739,-6
9740,-4
9741,-4
9742,-5
9743,-3
9744,-2
9745,-1
9746,0
9747,1
9748,1
9749,-3
9750,-6
9751,-6
9752,-9
9753,-7
9754,-7
9755,-7
9756,-5
9757,-6
9758,-6
9759,-11
9760,-14
9761,-14
9762,-15
9763,-16
9764,-14
9765,-12
9766,-14
9767,-13
9768,-14
9769,-15
9770,-17
9771,-18
9772,-18
9773,-15
9774,-14
9775,-13
9776,-16
9777,-15
9778,-18
9779,-19
9780,-20
9781,-23
9782,-24
9783,-21
9784,-19
9785,-17
9786,-17
9787,-13
9788,-17
9789,-18
9790,-23
9791,-22
9792,-25
9793,-23
9794,-17
9795,-20
9796,-19
9797,-17
9798,-20
9799,-19
9800,-22
9801,-23
9802,-22
9803,-19
9804,-19
9805,-21
9806,-21
9807,-23
9808,-24
9809,-29
9810,-29
9811,-28
9812,-23
9813,-12
9814,-1
9815,8
9816,19
9817,32
9818,44
9819,59
9820,77
9821,98
9822,117
9823,124
9824,123
9825,115
9826,107
9827,89
9828,70
9829,51
9830,31
9831,3
9832,-20
9833,-35
9834,-37
9835,-37
9836,-32
9837,-29
9838,-27
9839,-24
9840,-19
9841,-18
9842,-16
9843,-13
9844,-11
9845,-11
9846,-10
9847,-14
9848,-15
9849,-15
9850,-18
9851,-20
9852,-17
9853,-15
9854,-14
9855,-11
9856,-10
9857,-9
9858,-11
9859,-10
9860,-12
9861,-16
9862,-15
9863,-12
9864,-10
9865,-11
9866,-8
9867,-9
9868,-8
9869,-11
9870,-12
9871,-11
9872,-10
9873,-9
9874,-6
9875,-4
9876,-3
9877,-5
9878,-8
9879,-10
9880,-8
9881,-10
9882,-9
9883,-6
9884,-6
9885,-3
9886,-3
9887,-3
9888,-3
9889,-4
9890,-8
9891,-8
9892,-7
9893,-4
9894,-4
9895,-3
9896,1
9897,0
9898,-4
9899,-5
9900,-3
9901,-3
9902,1
9903,3
9904,7
9905,8
9906,10
9907,6
9908,5
9909,9
9910,8
9911,7
9912,9
9913,13
9914,16
9915,20
9916,20
9917,17
9918,16
9919,18
9920,19
9921,20
9922,23
9923,25
9924,27
9925,27
9926,31
9927,29
9928,29
9929,28
9930,27
9931,27
9932,30
9933,33
9934,36
9935,35
9936,37
9937,36
9938,34
9939,33
9940,32
9941,31
9942,31
9943,32
9944,33
9945,34
9946,31
9947,26
9948,23
9949,21
9950,17
9951,16
9952,16
9953,16
9954,15
9955,13
9956,10
9957,7
9958,2
9959,0
9960,-3
9961,-5
9962,-2
9963,0
9964,-1
9965,-2
9966,-2
9967,-7
9968,-10
9969,-12
9970,-14
9971,-14
9972,-12
9973,-11
9974,-10
9975,-9
9976,-9
9977,-15
9978,-19
9979,-17
9980,-19
9981,-17
9982,-15
9983,-13
9984,-12
9985,-11
9986,-11
9987,-16
9988,-19
9989,-21
9990,-21
9991,-19
9992,-18
9993,-14
9994,-14
9995,-11
9996,-12
9997,-13
9998,-16
9999,-16